99
1000 16 10
92125 641918 667806 450313 871464 51680 744789 903541 195175 19501
1000 23 50
43036 334387 443945 781651 790617 929165 994611 194574 852933 848915 751159 22582 845003 608060 491667 707490 473010 579034 466999 565134 737303 651157 531799 125119 219188 276587 28659 414362 812439 448681 90564 855474 299420 534508 637124 90036 980024 148086 284609 832956 997000 552119 371889 842003 160178 379907 65844 149540 958941 532843
1000 45 18
51084 62811 62248 521322 439098 404543 935121 720197 882646 694009 647301 529762 622111 507675 184403 589062 361817 92078
3 2 6
8 2 5 2 4 9
1000 884 11
484357 423180 62537 323965 430468 492309 952744 581555 58465 904170 417318
1000 44 32
65502 482392 198107 808057 357283 97200 25415 206991 985712 974272 25257 400457 14058 81936 84348 91989 518815 278047 741126 275378 449996 698492 986232 720733 23391 53888 943349 966228 613073 910744 470511 678574
1000 972 79
867861 592148 320734 313968 149662 907211 144596 221713 537746 726733 126258 29797 427159 597880 195351 260514 443167 932551 650687 780000 763511 909370 699064 984190 633369 943915 383624 397414 346922 151595 131145 731134 260095 451878 561453 926108 875440 706048 664172 413186 949132 790430 959334 376290 388309 154684 636804 347827 87235 803842 644178 850745 713211 343241 351286 862932 287155 734910 260345 150428 402856 391489 397913 662950 359718 959366 105409 235158 181765 769581 648343 130897 560010 607676 23538 464670 278712 176693 328848
1000 100 1000
1 2 3 4 5 6 7 8 9 10 11 12 13 14 15 16 17 18 19 20 21 22 23 24 25 26 27 28 29 30 31 32 33 34 35 36 37 38 39 40 41 42 43 44 45 46 47 48 49 50 51 52 53 54 55 56 57 58 59 60 61 62 63 64 65 66 67 68 69 70 71 72 73 74 75 76 77 78 79 80 81 82 83 84 85 86 87 88 89 90 91 92 93 94 95 96 97 98 99 100 101 102 103 104 105 106 107 108 109 110 111 112 113 114 115 116 117 118 119 120 121 122 123 124 125 126 127 128 129 130 131 132 133 134 135 136 137 138 139 140 141 142 143 144 145 146 147 148 149 150 151 152 153 154 155 156 157 158 159 160 161 162 163 164 165 166 167 168 169 170 171 172 173 174 175 176 177 178 179 180 181 182 183 184 185 186 187 188 189 190 191 192 193 194 195 196 197 198 199 200 201 202 203 204 205 206 207 208 209 210 211 212 213 214 215 216 217 218 219 220 221 222 223 224 225 226 227 228 229 230 231 232 233 234 235 236 237 238 239 240 241 242 243 244 245 246 247 248 249 250 251 252 253 254 255 256 257 258 259 260 261 262 263 264 265 266 267 268 269 270 271 272 273 274 275 276 277 278 279 280 281 282 283 284 285 286 287 288 289 290 291 292 293 294 295 296 297 298 299 300 301 302 303 304 305 306 307 308 309 310 311 312 313 314 315 316 317 318 319 320 321 322 323 324 325 326 327 328 329 330 331 332 333 334 335 336 337 338 339 340 341 342 343 344 345 346 347 348 349 350 351 352 353 354 355 356 357 358 359 360 361 362 363 364 365 366 367 368 369 370 371 372 373 374 375 376 377 378 379 380 381 382 383 384 385 386 387 388 389 390 391 392 393 394 395 396 397 398 399 400 401 402 403 404 405 406 407 408 409 410 411 412 413 414 415 416 417 418 419 420 421 422 423 424 425 426 427 428 429 430 431 432 433 434 435 436 437 438 439 440 441 442 443 444 445 446 447 448 449 450 451 452 453 454 455 456 457 458 459 460 461 462 463 464 465 466 467 468 469 470 471 472 473 474 475 476 477 478 479 480 481 482 483 484 485 486 487 488 489 490 491 492 493 494 495 496 497 498 499 500 501 502 503 504 505 506 507 508 509 510 511 512 513 514 515 516 517 518 519 520 521 522 523 524 525 526 527 528 529 530 531 532 533 534 535 536 537 538 539 540 541 542 543 544 545 546 547 548 549 550 551 552 553 554 555 556 557 558 559 560 561 562 563 564 565 566 567 568 569 570 571 572 573 574 575 576 577 578 579 580 581 582 583 584 585 586 587 588 589 590 591 592 593 594 595 596 597 598 599 600 601 602 603 604 605 606 607 608 609 610 611 612 613 614 615 616 617 618 619 620 621 622 623 624 625 626 627 628 629 630 631 632 633 634 635 636 637 638 639 640 641 642 643 644 645 646 647 648 649 650 651 652 653 654 655 656 657 658 659 660 661 662 663 664 665 666 667 668 669 670 671 672 673 674 675 676 677 678 679 680 681 682 683 684 685 686 687 688 689 690 691 692 693 694 695 696 697 698 699 700 701 702 703 704 705 706 707 708 709 710 711 712 713 714 715 716 717 718 719 720 721 722 723 724 725 726 727 728 729 730 731 732 733 734 735 736 737 738 739 740 741 742 743 744 745 746 747 748 749 750 751 752 753 754 755 756 757 758 759 760 761 762 763 764 765 766 767 768 769 770 771 772 773 774 775 776 777 778 779 780 781 782 783 784 785 786 787 788 789 790 791 792 793 794 795 796 797 798 799 800 801 802 803 804 805 806 807 808 809 810 811 812 813 814 815 816 817 818 819 820 821 822 823 824 825 826 827 828 829 830 831 832 833 834 835 836 837 838 839 840 841 842 843 844 845 846 847 848 849 850 851 852 853 854 855 856 857 858 859 860 861 862 863 864 865 866 867 868 869 870 871 872 873 874 875 876 877 878 879 880 881 882 883 884 885 886 887 888 889 890 891 892 893 894 895 896 897 898 899 900 901 902 903 904 905 906 907 908 909 910 911 912 913 914 915 916 917 918 919 920 921 922 923 924 925 926 927 928 929 930 931 932 933 934 935 936 937 938 939 940 941 942 943 944 945 946 947 948 949 950 951 952 953 954 955 956 957 958 959 960 961 962 963 964 965 966 967 968 969 970 971 972 973 974 975 976 977 978 979 980 981 982 983 984 985 986 987 988 989 990 991 992 993 994 995 996 997 998 999 1000
1000 358 63
376629 319973 442235 14912 664340 403477 689306 59835 811979 622637 33968 529408 503737 618409 278286 428961 196470 96477 717 865896 80048 144347 278241 968773 782126 538931 696950 358934 511866 792308 505696 888494 628632 464283 903405 809323 384111 109062 869157 196089 731699 419477 725496 751787 37885 520133 697099 234355 616609 697815 616602 213008 842162 411194 181780 140639 466477 395082 499572 978342 703741 521620 383187
1000 326 89
254498 916537 579427 558773 944358 805041 263077 632997 13178 394329 719381 593848 499414 719105 711973 617832 591038 354780 526629 569906 312337 313001 331907 302197 941196 250465 751042 374764 532970 473367 180952 787467 906255 760378 862591 366965 81770 125668 999961 611300 36348 719341 205147 52114 954798 433471 186297 62187 788250 712925 148444 616938 542278 480350 919135 483473 247167 186528 374588 780136 659894 71891 83954 82501 348621 946545 449465 430390 588564 965777 558041 141263 201469 763187 193376 156266 713009 896025 218452 17611 608949 366896 634548 151226 363597 553682 151050 610763 740209
1000 288 1
390174
1000 869 94
940673 769724 368812 720258 999461 767174 722712 204268 426473 852998 816161 341 17125 508174 748985 946366 401722 631825 683805 906686 101246 296145 945395 438417 25580 738462 988617 375388 519830 837838 24533 460502 607561 393344 697111 607021 676869 419822 327640 619694 789171 143800 620034 806295 168325 885370 269012 86399 517194 952816 993084 134791 765313 454830 573207 790892 709643 78176 682631 229472 916013 707163 206325 39925 616859 903436 163297 293727 839609 490936 429772 628780 151088 49805 435074 319412 451527 220438 922162 968720 689605 431598 103511 454917 402779 193069 245808 112422 787596 928438 858245 219960 635601 64570
1000 827 5
146795 656743 147796 819742 611003
1000 190 37
781872 536998 59268 304478 189485 412880 732200 603840 432199 702564 31391 156596 437909 123914 56504 823223 427174 109262 220546 548318 647876 57477 159665 335550 384538 703670 564191 930162 102927 753380 726098 884798 290378 785365 705628 996214 198244
1000 137 17
407333 738317 636045 348010 104175 910709 406347 170458 471102 185144 523669 807931 999916 584134 387165 314553 772771
1000 208 77
869551 388750 287897 471412 199692 551015 127989 289908 526709 188359 728333 130558 680398 884034 793342 510530 295398 141371 380019 811282 320832 718146 942699 560670 223690 490981 20845 9313 338633 835052 965689 724535 740153 769937 195946 939844 320951 840286 746103 364011 28644 474435 494569 709042 358468 287910 735923 170217 945633 632294 981498 782816 350439 440548 859837 574128 931528 880681 99793 786512 715732 581833 511047 455884 351770 223344 912079 189072 63630 658181 553083 608625 132615 564003 834018 7434 851912
1000 444 8
306478 54182 65426 198136 993813 899190 812217 500838
1000 505 74
636573 280787 92375 138924 350934 427163 91740 923972 967093 116786 845364 287889 882559 805192 244252 673956 91380 601226 76261 995021 873876 544197 110233 638958 637545 82219 85096 43743 77500 774600 822069 230425 571738 914443 369348 439024 857958 977439 362995 825050 94224 208358 629290 493134 529902 389893 167089 621281 991118 759702 132653 381345 303898 759237 536655 457794 841455 621750 501536 435307 912701 323604 665731 484438 754399 551430 923461 612356 45220 802807 953757 139443 11165 583046
1000 623 78
125372 213026 908549 286092 843602 914457 329354 914728 982851 19055 445339 834461 862235 456619 412637 825121 110695 628122 410928 86140 906755 288271 902288 998953 288376 620238 411180 679121 275361 158802 677898 917084 371828 102798 203175 215429 533606 48880 646509 32808 67935 91847 867269 446521 64817 796257 271642 175511 940731 682569 778003 363837 487191 680290 362790 291918 816880 773969 971038 608592 932770 165287 525675 304597 268084 245201 36378 318042 294081 682886 350849 878367 291084 734469 324887 355901 47078 112880
1000 968 77
233154 138622 674556 761346 382159 370565 297554 11879 399692 801604 333811 817725 250936 779283 47345 290238 414497 907537 85177 489409 311693 607038 812314 80456 227205 756331 542025 832370 706135 445993 790346 939288 100966 981254 216986 999476 351818 514539 11354 267862 316142 861517 85586 567077 157151 132930 373666 571648 40466 458843 577408 868510 582232 389721 465318 325788 662403 7342 158157 368538 969686 464854 824177 587003 446107 41162 586478 314277 72052 114184 582138 388194 492052 184075 471622 649202 833356
1000 719 44
204902 323686 533145 631335 53554 208263 191384 286145 514272 735476 968971 11275 98312 642294 959226 936288 286179 759621 463884 484407 304830 232472 397882 319420 715081 25514 201126 474346 947728 405845 608641 152629 245882 141785 783964 299436 866399 491699 101932 380671 227174 70902 908297 841837
1000 941 50
313896 718586 675500 96711 69024 116047 956548 159503 563927 353580 259295 350438 69312 841128 861484 41547 192897 601180 469978 898320 664809 128158 451402 273433 777125 15404 107451 300910 383668 193743 478560 213915 912328 670411 310626 497703 302809 783525 657205 866735 137104 432852 733525 722767 273979 111360 280666 983227 712539 750643
1000 464 76
523432 364223 301470 968620 521291 358820 986698 920767 617391 459397 838213 642814 750157 340634 735414 501149 335109 642748 351208 417635 904245 396395 206071 51043 296864 753902 396922 782751 314953 604737 187678 354737 968959 489147 323356 6601 364319 826406 927367 981709 285802 765579 624522 552310 622565 876287 53459 957673 35387 921018 891659 939631 317413 614082 990674 614276 367983 903947 913379 682935 508683 617408 554023 477641 622907 877379 593 987225 220136 927959 485285 505937 209889 626158 574598 832453
1000 464 49
310855 981092 543270 769634 422713 514182 966538 132220 39501 958870 987228 777046 234728 273715 570846 643493 717556 964247 406131 393977 447200 141981 330850 567248 640752 404378 884266 815930 317260 968729 883679 144466 949820 426948 914099 888885 457482 396988 21104 496982 355857 524683 790379 106937 798398 877577 750429 32305 841823
1000 435 48
7708 365379 275563 81985 847090 583357 300326 125818 390728 714853 155188 79645 539430 63358 617861 531139 660155 53484 313780 246489 253828 113801 784567 949160 327175 493855 450105 484310 160809 572891 726057 168517 454621 1619 766853 301711 584975 67178 943880 492055 298382 99068 571699 837812 678777 705912 885302 855283
1000 838 84
870328 521760 812182 379851 923137 355101 313011 137433 357348 473966 882212 799285 884626 545772 409492 902925 530826 409440 378164 139728 380054 641423 814758 367236 929167 315694 68994 986997 235525 422832 768880 622204 944591 97413 518407 384079 968865 831417 521511 326212 821735 403722 125497 706360 949493 51340 125636 996671 460779 20151 136398 357185 177926 467507 240772 623444 783200 309766 610440 18724 732597 379319 157280 193539 993084 675686 577617 961948 23454 99127 804512 845188 19201 446360 67899 485045 14051 709886 481715 991181 246389 134464 348365 940666
1000 800 24
352426 362053 943066 526824 248416 371422 570379 330867 47828 33409 655165 992373 534324 15947 117664 302297 993337 973473 686872 700087 155092 998992 104968 993701
1000 80 38
99181 544027 167419 416866 703985 763727 299371 870385 170754 505547 574543 331521 601861 294591 746767 140226 90217 975695 60371 922074 87498 975688 155702 146433 830133 411365 348030 353138 515885 179461 821775 615065 239839 505545 31931 943823 785624 847653
1000 637 98
916455 113880 474852 515307 462500 937748 481123 409241 42663 446899 967282 183925 648367 246820 893653 320985 959829 789677 55788 977439 914977 939035 611986 582555 302632 682020 733604 913394 938580 775593 820644 371386 889472 811847 886692 351971 749594 367814 277563 792256 331064 244844 492532 495783 491664 386184 816767 967844 175860 872554 945282 607189 811589 73619 189743 114220 755638 439698 543965 210570 731642 364608 581955 621113 176454 984999 489435 442399 869164 766998 234654 200228 528193 727186 696010 19856 629721 512776 987699 321933 901681 449332 929121 229621 522951 118863 343840 794940 74912 404157 5509 806554 768764 103816 944018 461570 88814 949805
1000 588 30
848233 534525 924984 708033 191000 793761 70085 650417 320585 318501 538191 890963 165719 586018 924371 337236 578390 975047 353182 212405 793695 862871 185878 996918 79309 857321 995909 184276 367373 289848
1000 511 94
874987 903891 81146 248095 613859 541703 209269 455924 817232 382946 74101 618088 53743 70151 490710 348221 420327 465968 914835 904567 248596 398415 218333 946847 165919 686994 922088 286962 853312 619950 162155 244650 40193 759652 9096 654051 817706 734716 626326 634938 634013 700426 769377 687756 286929 260086 552328 707255 242405 983514 128173 7352 381929 346505 954198 64199 549851 876286 351161 919514 12587 29667 680515 52779 305671 689610 223181 123376 424326 849506 274665 58338 549932 44041 262445 836860 820478 814773 60466 579234 798286 188638 586585 696566 51494 540783 277117 601344 933420 144629 37209 946006 690647 717723
1000 629 61
846231 813756 457116 514070 815785 199193 514539 597657 948425 232739 851278 489688 275151 883581 6453 622921 678106 601686 576725 97563 400356 630502 640533 47037 698719 985568 668688 681575 7164 67669 188087 369746 881424 645202 883816 213560 844395 914706 811216 309171 147444 662493 798858 938946 62426 805310 561866 256883 406995 654942 354446 807350 285444 511330 370738 500514 13250 39426 698440 536765 107094
1000 753 98
964229 453875 743584 489903 274823 528020 735103 311200 362413 545535 510437 713261 423901 317873 964082 265140 673773 11159 378019 721535 515318 206171 63652 383313 5161 86058 614098 612420 441695 135202 707069 405923 589076 967005 412177 863899 495024 663631 691450 857436 209166 718239 87048 149418 36111 51129 930909 226235 578639 825280 464121 93956 31450 527772 477269 552962 130181 91366 165381 571875 226567 872450 494149 331995 839454 906325 195893 850829 569956 403694 224616 295473 638284 828015 444890 674394 395496 892151 416980 974134 717430 881101 68090 748879 925224 61710 301840 55405 669427 983572 143631 412345 372373 637780 744339 728178 60456 456583
1000 940 36
851182 356803 951881 617938 491529 228427 45095 989965 514997 210176 742556 874891 382742 701007 849709 888513 432505 301914 898393 523435 56680 683892 77931 920527 193700 649138 240212 655598 441015 194503 754385 808548 67657 222617 942838 559185
1000 527 11
504869 48080 790326 718429 892474 221383 45996 717996 885178 708489 516853
1000 259 50
675026 557939 262487 290618 28749 643178 995399 830052 304840 183255 835571 473270 210210 549660 766882 292605 255004 802423 489614 449094 585118 773979 150147 145045 786329 82362 299244 969563 251505 462502 864664 926530 536792 127151 733499 81892 286680 728897 911943 591520 912151 263866 64789 638712 813525 831671 931317 68528 150445 937282
1000 848 77
305644 735843 804277 281398 617989 774743 998713 905666 77767 576757 76135 645202 155919 654735 166524 595016 59277 617996 315213 458275 828356 962513 988036 450466 986539 688790 555879 864708 297220 257079 522084 602863 992921 326360 400612 127261 101102 399325 549279 695220 492433 625413 340422 648352 796499 23297 759719 855776 641292 591283 314050 985999 70148 818437 952817 56686 23578 508695 921393 320797 765773 443477 440011 275046 286188 356975 402306 903642 756299 951584 598861 765083 93349 455634 929786 889847 995282
1000 232 24
995173 885420 947132 422776 22036 626311 152209 848858 113483 945633 994660 712595 698781 801334 643607 596309 882505 166401 890675 689825 704158 160768 96315 720049
1000 498 74
79133 331658 209692 139765 790395 511636 428268 690073 805474 674236 521543 792792 14596 481267 778515 934283 935292 43683 389985 871064 340440 458128 865106 679803 280459 529016 558064 796926 763517 928913 507651 359002 260570 717342 15118 567316 745329 443385 773741 67155 633972 295283 859946 648568 776549 638460 99202 711841 198495 489186 99256 538934 463666 480713 735088 260476 9729 809503 573754 773245 738415 81404 132246 515336 315098 147363 82652 576778 107099 856392 643932 741071 151674 503878
1000 884 54
71714 648450 814973 696152 259761 8975 980769 894225 555415 623681 321422 102637 755784 134065 291019 916968 313175 399272 283924 154895 793342 320836 181305 689918 270503 708669 722381 689601 373109 193616 944206 961174 842066 275530 657326 101826 800856 154446 996051 356271 294479 833824 975259 50262 484241 782629 483581 797415 181900 767505 468662 975242 604692 166318
1000 569 32
236929 525412 195517 989531 394681 883738 615593 470811 864340 188430 284952 661663 187857 5520 652079 26955 197737 777261 566044 705345 35542 197010 194090 266344 768014 184702 559927 12351 932215 637848 183234 169144
1000 643 59
640665 379397 933694 831188 753017 242403 171390 34350 53919 485062 891912 215160 804272 979703 563337 711119 606575 124868 724908 922337 240113 575626 916914 226975 455787 114534 664183 917752 967435 815826 998762 124451 711574 448807 471990 464590 691210 643379 498940 261480 644792 390851 992991 449064 886905 556328 676534 493479 197547 917793 932167 437659 493418 849080 180985 465556 479965 845168 899659
1000 100 999
1001 1000 999 998 997 996 995 994 993 992 991 990 989 988 987 986 985 984 983 982 981 980 979 978 977 976 975 974 973 972 971 970 969 968 967 966 965 964 963 962 961 960 959 958 957 956 955 954 953 952 951 950 949 948 947 946 945 944 943 942 941 940 939 938 937 936 935 934 933 932 931 930 929 928 927 926 925 924 923 922 921 920 919 918 917 916 915 914 913 912 911 910 909 908 907 906 905 904 903 902 901 900 899 898 897 896 895 894 893 892 891 890 889 888 887 886 885 884 883 882 881 880 879 878 877 876 875 874 873 872 871 870 869 868 867 866 865 864 863 862 861 860 859 858 857 856 855 854 853 852 851 850 849 848 847 846 845 844 843 842 841 840 839 838 837 836 835 834 833 832 831 830 829 828 827 826 825 824 823 822 821 820 819 818 817 816 815 814 813 812 811 810 809 808 807 806 805 804 803 802 801 800 799 798 797 796 795 794 793 792 791 790 789 788 787 786 785 784 783 782 781 780 779 778 777 776 775 774 773 772 771 770 769 768 767 766 765 764 763 762 761 760 759 758 757 756 755 754 753 752 751 750 749 748 747 746 745 744 743 742 741 740 739 738 737 736 735 734 733 732 731 730 729 728 727 726 725 724 723 722 721 720 719 718 717 716 715 714 713 712 711 710 709 708 707 706 705 704 703 702 701 700 699 698 697 696 695 694 693 692 691 690 689 688 687 686 685 684 683 682 681 680 679 678 677 676 675 674 673 672 671 670 669 668 667 666 665 664 663 662 661 660 659 658 657 656 655 654 653 652 651 650 649 648 647 646 645 644 643 642 641 640 639 638 637 636 635 634 633 632 631 630 629 628 627 626 625 624 623 622 621 620 619 618 617 616 615 614 613 612 611 610 609 608 607 606 605 604 603 602 601 600 599 598 597 596 595 594 593 592 591 590 589 588 587 586 585 584 583 582 581 580 579 578 577 576 575 574 573 572 571 570 569 568 567 566 565 564 563 562 561 560 559 558 557 556 555 554 553 552 551 550 549 548 547 546 545 544 543 542 541 540 539 538 537 536 535 534 533 532 531 530 529 528 527 526 525 524 523 522 521 520 519 518 517 516 515 514 513 512 511 510 509 508 507 506 505 504 503 502 501 500 499 498 497 496 495 494 493 492 491 490 489 488 487 486 485 484 483 482 481 480 479 478 477 476 475 474 473 472 471 470 469 468 467 466 465 464 463 462 461 460 459 458 457 456 455 454 453 452 451 450 449 448 447 446 445 444 443 442 441 440 439 438 437 436 435 434 433 432 431 430 429 428 427 426 425 424 423 422 421 420 419 418 417 416 415 414 413 412 411 410 409 408 407 406 405 404 403 402 401 400 399 398 397 396 395 394 393 392 391 390 389 388 387 386 385 384 383 382 381 380 379 378 377 376 375 374 373 372 371 370 369 368 367 366 365 364 363 362 361 360 359 358 357 356 355 354 353 352 351 350 349 348 347 346 345 344 343 342 341 340 339 338 337 336 335 334 333 332 331 330 329 328 327 326 325 324 323 322 321 320 319 318 317 316 315 314 313 312 311 310 309 308 307 306 305 304 303 302 301 300 299 298 297 296 295 294 293 292 291 290 289 288 287 286 285 284 283 282 281 280 279 278 277 276 275 274 273 272 271 270 269 268 267 266 265 264 263 262 261 260 259 258 257 256 255 254 253 252 251 250 249 248 247 246 245 244 243 242 241 240 239 238 237 236 235 234 233 232 231 230 229 228 227 226 225 224 223 222 221 220 219 218 217 216 215 214 213 212 211 210 209 208 207 206 205 204 203 202 201 200 199 198 197 196 195 194 193 192 191 190 189 188 187 186 185 184 183 182 181 180 179 178 177 176 175 174 173 172 171 170 169 168 167 166 165 164 163 162 161 160 159 158 157 156 155 154 153 152 151 150 149 148 147 146 145 144 143 142 141 140 139 138 137 136 135 134 133 132 131 130 129 128 127 126 125 124 123 122 121 120 119 118 117 116 115 114 113 112 111 110 109 108 107 106 105 104 103 102 101 100 99 98 97 96 95 94 93 92 91 90 89 88 87 86 85 84 83 82 81 80 79 78 77 76 75 74 73 72 71 70 69 68 67 66 65 64 63 62 61 60 59 58 57 56 55 54 53 52 51 50 49 48 47 46 45 44 43 42 41 40 39 38 37 36 35 34 33 32 31 30 29 28 27 26 25 24 23 22 21 20 19 18 17 16 15 14 13 12 11 10 9 8 7 6 5 4 3
1000 923 83
145145 589667 531151 491637 447112 652063 892725 929433 48873 392618 311265 360093 998334 424590 633043 839423 299107 37083 90261 249647 705979 205204 220510 765219 663154 614439 746835 905427 630885 357109 690510 292382 946776 738012 300370 910239 390075 709446 356023 955299 102063 667288 315391 616748 91877 464786 456170 907335 18220 62782 673334 724198 267986 410195 5768 447491 24633 752602 869270 171870 109711 559779 980603 572838 814142 280972 483076 720568 990417 839099 675866 608831 22738 507609 741930 630966 972394 714451 54653 990613 293584 244338 231162
1000 395 33
101771 13222 829233 886337 962381 672760 896543 928837 157069 57351 18079 883125 742219 472699 401095 509072 290761 502422 92601 234641 994476 390983 850060 566174 745146 528836 272085 630447 384118 31479 345879 485888 561052
1000 426 92
161236 861278 236682 568550 26996 339051 492921 364231 917441 984319 233765 646197 294365 96635 348426 291283 692295 205746 803543 876570 89470 93391 482126 305075 434114 12665 745063 482189 853316 771488 180680 14552 632765 933713 583101 176113 272763 592373 56695 190203 93043 806811 352752 387408 419797 701177 195042 112091 423275 998584 988660 512744 91974 987137 817818 42440 516153 79233 40980 369469 367072 738011 900372 516189 671723 999824 208653 944485 108549 265347 651040 717943 72158 3791 105350 8306 221319 300391 120397 644593 815327 109056 673689 423652 612545 491506 466091 128697 87090 23422 14517 454162
1000 897 26
232581 605906 456861 744101 120743 246570 136656 680619 160056 839354 767446 892571 881621 380276 959170 942428 441622 970913 196905 193156 8967 475980 855008 221194 275859 770136
1000 491 65
29777 697637 154982 927795 499973 931919 843002 332125 889054 162992 623823 742027 912799 508828 561211 119119 577340 223984 233488 365641 950482 732920 359013 762993 310951 667263 752465 316387 309185 63307 539351 338961 760944 210684 783107 260916 142602 626108 109392 31656 305451 733214 290034 734601 242041 367596 853719 335733 591579 87206 217725 58413 336477 576737 821405 163779 243999 90221 480165 69535 669880 19516 924847 947175 230199
1000 617 18
470967 824009 959725 985723 919687 937674 265169 939351 935773 780406 68144 477690 339363 305980 147559 878262 516468 234502
1000 973 63
711261 184120 396959 13941 266481 696202 983503 34337 675055 848167 477218 211846 491669 210716 293737 778348 455964 722031 886219 368114 985896 951008 6826 799420 782678 454494 384300 933122 391775 418272 185036 619387 118743 581994 633328 385223 794547 133182 935911 469601 497700 413128 197798 989368 623843 7886 284068 79806 729917 170286 964272 715812 637645 487449 515232 936674 941942 415883 386148 850068 834154 571183 469455
1000 193 16
844431 125292 251622 977391 339458 384575 190398 181619 795769 888530 322258 262245 799963 338181 756938 503703
1000 100 1000
1001 1000 999 998 997 996 995 994 993 992 991 990 989 988 987 986 985 984 983 982 981 980 979 978 977 976 975 974 973 972 971 970 969 968 967 966 965 964 963 962 961 960 959 958 957 956 955 954 953 952 951 950 949 948 947 946 945 944 943 942 941 940 939 938 937 936 935 934 933 932 931 930 929 928 927 926 925 924 923 922 921 920 919 918 917 916 915 914 913 912 911 910 909 908 907 906 905 904 903 902 901 900 899 898 897 896 895 894 893 892 891 890 889 888 887 886 885 884 883 882 881 880 879 878 877 876 875 874 873 872 871 870 869 868 867 866 865 864 863 862 861 860 859 858 857 856 855 854 853 852 851 850 849 848 847 846 845 844 843 842 841 840 839 838 837 836 835 834 833 832 831 830 829 828 827 826 825 824 823 822 821 820 819 818 817 816 815 814 813 812 811 810 809 808 807 806 805 804 803 802 801 800 799 798 797 796 795 794 793 792 791 790 789 788 787 786 785 784 783 782 781 780 779 778 777 776 775 774 773 772 771 770 769 768 767 766 765 764 763 762 761 760 759 758 757 756 755 754 753 752 751 750 749 748 747 746 745 744 743 742 741 740 739 738 737 736 735 734 733 732 731 730 729 728 727 726 725 724 723 722 721 720 719 718 717 716 715 714 713 712 711 710 709 708 707 706 705 704 703 702 701 700 699 698 697 696 695 694 693 692 691 690 689 688 687 686 685 684 683 682 681 680 679 678 677 676 675 674 673 672 671 670 669 668 667 666 665 664 663 662 661 660 659 658 657 656 655 654 653 652 651 650 649 648 647 646 645 644 643 642 641 640 639 638 637 636 635 634 633 632 631 630 629 628 627 626 625 624 623 622 621 620 619 618 617 616 615 614 613 612 611 610 609 608 607 606 605 604 603 602 601 600 599 598 597 596 595 594 593 592 591 590 589 588 587 586 585 584 583 582 581 580 579 578 577 576 575 574 573 572 571 570 569 568 567 566 565 564 563 562 561 560 559 558 557 556 555 554 553 552 551 550 549 548 547 546 545 544 543 542 541 540 539 538 537 536 535 534 533 532 531 530 529 528 527 526 525 524 523 522 521 520 519 518 517 516 515 514 513 512 511 510 509 508 507 506 505 504 503 502 501 500 499 498 497 496 495 494 493 492 491 490 489 488 487 486 485 484 483 482 481 480 479 478 477 476 475 474 473 472 471 470 469 468 467 466 465 464 463 462 461 460 459 458 457 456 455 454 453 452 451 450 449 448 447 446 445 444 443 442 441 440 439 438 437 436 435 434 433 432 431 430 429 428 427 426 425 424 423 422 421 420 419 418 417 416 415 414 413 412 411 410 409 408 407 406 405 404 403 402 401 400 399 398 397 396 395 394 393 392 391 390 389 388 387 386 385 384 383 382 381 380 379 378 377 376 375 374 373 372 371 370 369 368 367 366 365 364 363 362 361 360 359 358 357 356 355 354 353 352 351 350 349 348 347 346 345 344 343 342 341 340 339 338 337 336 335 334 333 332 331 330 329 328 327 326 325 324 323 322 321 320 319 318 317 316 315 314 313 312 311 310 309 308 307 306 305 304 303 302 301 300 299 298 297 296 295 294 293 292 291 290 289 288 287 286 285 284 283 282 281 280 279 278 277 276 275 274 273 272 271 270 269 268 267 266 265 264 263 262 261 260 259 258 257 256 255 254 253 252 251 250 249 248 247 246 245 244 243 242 241 240 239 238 237 236 235 234 233 232 231 230 229 228 227 226 225 224 223 222 221 220 219 218 217 216 215 214 213 212 211 210 209 208 207 206 205 204 203 202 201 200 199 198 197 196 195 194 193 192 191 190 189 188 187 186 185 184 183 182 181 180 179 178 177 176 175 174 173 172 171 170 169 168 167 166 165 164 163 162 161 160 159 158 157 156 155 154 153 152 151 150 149 148 147 146 145 144 143 142 141 140 139 138 137 136 135 134 133 132 131 130 129 128 127 126 125 124 123 122 121 120 119 118 117 116 115 114 113 112 111 110 109 108 107 106 105 104 103 102 101 100 99 98 97 96 95 94 93 92 91 90 89 88 87 86 85 84 83 82 81 80 79 78 77 76 75 74 73 72 71 70 69 68 67 66 65 64 63 62 61 60 59 58 57 56 55 54 53 52 51 50 49 48 47 46 45 44 43 42 41 40 39 38 37 36 35 34 33 32 31 30 29 28 27 26 25 24 23 22 21 20 19 18 17 16 15 14 13 12 11 10 9 8 7 6 5 4 3 2
1000 929 66
972939 316017 678698 480408 592070 327702 378105 412319 86938 431111 870112 444745 569212 888000 396403 481912 727955 62133 482701 482353 129914 922514 611060 175133 725320 564816 830927 252836 664214 979855 310253 153504 812224 988950 150263 404293 833003 528367 332964 919941 959477 203075 881037 528688 91074 277439 526951 819029 855923 9652 817733 502188 932165 428793 677320 173836 509960 24598 426672 690525 4453 736924 844028 816676 242226 994291
1000 432 88
486702 433154 431064 695354 377639 539612 477052 545030 773906 65561 548820 879256 73867 286490 695998 194263 447435 27676 819670 121123 451328 432214 612628 433770 77263 216070 457192 91779 186583 218623 6667 673284 651777 954082 884989 545767 10045 362040 90796 783950 427601 155967 179557 17819 958808 391907 212081 406242 419582 548102 527364 870909 496668 139992 304679 573930 872413 761870 665708 58995 496844 188726 248630 148620 659159 133618 210738 669203 12009 817885 453153 955961 973851 149061 973779 932659 540967 702211 338900 960549 250313 866264 831457 263332 522607 652487 837261 911371
1000 546 47
878800 849300 167132 172276 864703 790934 473186 764722 984676 468097 978637 413355 138507 805614 427409 957667 105490 84613 340754 242593 517464 74278 481712 307794 701989 762377 291020 414528 513019 688918 308226 908170 538217 991709 80446 919271 782642 69983 200345 283669 538079 695333 213375 192937 500946 640783 150603
1000 911 33
289022 331243 273482 372621 488346 194211 256886 304275 27822 225615 187953 172287 691786 131253 86385 580670 588734 483373 601774 602067 355581 126456 392445 978869 441205 270021 245649 989861 628195 918559 932493 917217 766153
1000 959 79
356953 189388 260210 763978 88712 926715 494029 893529 968739 99408 438682 764817 209489 704263 828928 19632 717591 569639 129909 687356 137835 453033 587578 276531 645993 222869 491423 744586 644185 374382 398217 1138 80121 174778 281467 685184 617844 775495 95064 586582 874902 533745 867751 600743 238007 696678 136726 471950 782669 266634 675657 436855 236018 263234 713386 398363 486102 204808 142948 130287 95541 57516 647776 692014 748645 929242 893549 366488 221088 988613 469422 612341 38709 337172 213083 793068 33849 349809 265017
1000 195 23
294477 515725 627143 274712 516483 448324 507184 914365 284095 222264 939878 485221 212961 887606 407417 337953 556586 653298 996089 856901 469085 862488 348599
1000 971 89
564109 385170 415254 174548 920246 664202 70218 77525 857740 63301 269562 951708 541601 809367 567186 346112 170907 586386 308823 238805 71431 322873 465043 69497 314053 711431 203961 178770 652096 805931 284258 732556 707452 699511 907103 144049 363712 493672 737925 737803 73325 7486 689510 614925 816853 256695 477388 504111 359433 786210 259267 947215 109082 724309 16711 939486 952091 220671 118255 120538 542953 402512 853093 766757 618374 276547 910805 498437 770219 648730 752591 843543 172567 442100 974819 505771 215147 452206 9881 90931 238415 269148 38145 863848 509808 54855 803333 461899 791878
1000 657 31
806661 858679 282688 602616 398850 910082 729869 158766 560049 716239 306010 27741 682827 497004 362836 673323 431600 837977 643886 800396 11245 681877 545209 252237 397124 498239 966257 111281 881707 759266 405863
1000 61 45
434226 215234 501858 171123 279903 149733 228599 439568 1635 129488 143237 565825 59650 762515 835557 785747 163665 642286 87464 385644 638499 285707 339822 754903 948853 996564 419050 768595 123919 207110 644839 558144 938695 146697 729266 218598 812781 474216 658165 814415 120055 317753 896592 696056 596620
1000 557 5
340724 530540 439989 531723 324300
1000 25 95
700351 762823 337713 919538 39410 882723 850252 851848 331404 940815 223674 147175 475322 860797 753562 455345 8883 38170 804652 522234 106640 692892 364236 783170 72799 430080 932709 548091 479274 163733 760685 179624 926556 614750 99161 482317 497472 949412 850516 345227 406578 74189 492401 881899 934986 245962 853595 460220 800483 174598 982453 907123 867490 863041 690292 940288 293120 139352 488378 772393 303084 765414 468368 745991 380163 567528 744659 877635 33292 595175 222861 439869 669363 231614 838120 120700 477575 691714 97271 794410 382664 79724 217884 250153 942764 424527 706792 752235 563878 195169 40979 383313 476934 509346 129304
1000 356 20
970365 911200 724398 735346 576171 383556 868963 786909 52759 880971 121145 22263 836932 94996 171323 810710 544006 228642 29273 399257
1000 320 28
39009 70283 511520 514838 789710 392556 43525 397135 186346 86828 732515 42268 612831 550248 544455 61347 495392 738126 235182 521703 762724 661853 212228 283528 915129 56255 616555 157354
1000 524 89
500200 525258 784923 424651 630158 818416 358870 616841 549246 758645 567136 641594 58078 997533 911287 772283 516130 586249 350066 594916 614718 998989 909973 11985 980531 73388 201604 287683 566929 554127 476771 67129 79384 778045 8131 225893 596461 367000 842733 662058 125644 926220 820003 700073 923752 731289 472355 956233 317537 338773 551148 448606 854113 977472 460590 834644 50859 178545 638678 134140 732671 631800 717620 328406 409844 725750 70650 6304 609101 429734 184713 734745 355953 4716 434817 796056 252356 423524 752288 86245 762296 819787 534850 132760 797258 511792 967403 364469 690336
1000 435 9
213566 550996 146900 459403 882146 970467 717316 287678 303025
1000 194 85
746920 761849 563133 340144 152163 814215 483012 137650 320861 582100 308852 59121 35659 117106 791307 180931 506278 317902 225219 7877 578732 519658 935887 747736 520889 132483 996969 233639 886409 629514 939675 633328 907715 502807 489823 59877 833373 489186 713878 670586 71285 539082 729706 623295 656187 37364 804226 678816 355265 545796 686692 450348 65453 138930 714435 102693 787764 227755 852684 674172 857268 792358 823851 281334 811517 313673 857562 161241 802859 571440 831826 390495 626873 561531 13790 799411 598894 334367 994578 470510 880162 197621 437209 461966 336550
1000 897 77
619134 854471 464075 752315 790382 933676 250015 203509 131473 755734 343704 139359 39801 939861 869275 726439 904132 101438 880435 391580 133021 817109 849873 548903 203256 699941 383057 774438 685747 852305 443966 304880 706775 908041 57194 13508 358068 307208 217017 5892 62942 77072 145250 619094 16932 530876 861884 921064 148666 742319 828995 281686 75779 678868 830589 279034 895160 729997 569823 97258 98653 530141 918489 805427 954533 975682 335287 312600 799242 552303 318491 378535 145726 980093 513980 162657 27320
1000 100 901
1001 1002 1003 1004 1005 1006 1007 1008 1009 1010 1011 1012 1013 1014 1015 1016 1017 1018 1019 1020 1021 1022 1023 1024 1025 1026 1027 1028 1029 1030 1031 1032 1033 1034 1035 1036 1037 1038 1039 1040 1041 1042 1043 1044 1045 1046 1047 1048 1049 1050 1051 1052 1053 1054 1055 1056 1057 1058 1059 1060 1061 1062 1063 1064 1065 1066 1067 1068 1069 1070 1071 1072 1073 1074 1075 1076 1077 1078 1079 1080 1081 1082 1083 1084 1085 1086 1087 1088 1089 1090 1091 1092 1093 1094 1095 1096 1097 1098 1099 1100 1101 1102 1103 1104 1105 1106 1107 1108 1109 1110 1111 1112 1113 1114 1115 1116 1117 1118 1119 1120 1121 1122 1123 1124 1125 1126 1127 1128 1129 1130 1131 1132 1133 1134 1135 1136 1137 1138 1139 1140 1141 1142 1143 1144 1145 1146 1147 1148 1149 1150 1151 1152 1153 1154 1155 1156 1157 1158 1159 1160 1161 1162 1163 1164 1165 1166 1167 1168 1169 1170 1171 1172 1173 1174 1175 1176 1177 1178 1179 1180 1181 1182 1183 1184 1185 1186 1187 1188 1189 1190 1191 1192 1193 1194 1195 1196 1197 1198 1199 1200 1201 1202 1203 1204 1205 1206 1207 1208 1209 1210 1211 1212 1213 1214 1215 1216 1217 1218 1219 1220 1221 1222 1223 1224 1225 1226 1227 1228 1229 1230 1231 1232 1233 1234 1235 1236 1237 1238 1239 1240 1241 1242 1243 1244 1245 1246 1247 1248 1249 1250 1251 1252 1253 1254 1255 1256 1257 1258 1259 1260 1261 1262 1263 1264 1265 1266 1267 1268 1269 1270 1271 1272 1273 1274 1275 1276 1277 1278 1279 1280 1281 1282 1283 1284 1285 1286 1287 1288 1289 1290 1291 1292 1293 1294 1295 1296 1297 1298 1299 1300 1301 1302 1303 1304 1305 1306 1307 1308 1309 1310 1311 1312 1313 1314 1315 1316 1317 1318 1319 1320 1321 1322 1323 1324 1325 1326 1327 1328 1329 1330 1331 1332 1333 1334 1335 1336 1337 1338 1339 1340 1341 1342 1343 1344 1345 1346 1347 1348 1349 1350 1351 1352 1353 1354 1355 1356 1357 1358 1359 1360 1361 1362 1363 1364 1365 1366 1367 1368 1369 1370 1371 1372 1373 1374 1375 1376 1377 1378 1379 1380 1381 1382 1383 1384 1385 1386 1387 1388 1389 1390 1391 1392 1393 1394 1395 1396 1397 1398 1399 1400 1401 1402 1403 1404 1405 1406 1407 1408 1409 1410 1411 1412 1413 1414 1415 1416 1417 1418 1419 1420 1421 1422 1423 1424 1425 1426 1427 1428 1429 1430 1431 1432 1433 1434 1435 1436 1437 1438 1439 1440 1441 1442 1443 1444 1445 1446 1447 1448 1449 1450 1451 1452 1453 1454 1455 1456 1457 1458 1459 1460 1461 1462 1463 1464 1465 1466 1467 1468 1469 1470 1471 1472 1473 1474 1475 1476 1477 1478 1479 1480 1481 1482 1483 1484 1485 1486 1487 1488 1489 1490 1491 1492 1493 1494 1495 1496 1497 1498 1499 1500 1501 1502 1503 1504 1505 1506 1507 1508 1509 1510 1511 1512 1513 1514 1515 1516 1517 1518 1519 1520 1521 1522 1523 1524 1525 1526 1527 1528 1529 1530 1531 1532 1533 1534 1535 1536 1537 1538 1539 1540 1541 1542 1543 1544 1545 1546 1547 1548 1549 1550 1551 1552 1553 1554 1555 1556 1557 1558 1559 1560 1561 1562 1563 1564 1565 1566 1567 1568 1569 1570 1571 1572 1573 1574 1575 1576 1577 1578 1579 1580 1581 1582 1583 1584 1585 1586 1587 1588 1589 1590 1591 1592 1593 1594 1595 1596 1597 1598 1599 1600 1601 1602 1603 1604 1605 1606 1607 1608 1609 1610 1611 1612 1613 1614 1615 1616 1617 1618 1619 1620 1621 1622 1623 1624 1625 1626 1627 1628 1629 1630 1631 1632 1633 1634 1635 1636 1637 1638 1639 1640 1641 1642 1643 1644 1645 1646 1647 1648 1649 1650 1651 1652 1653 1654 1655 1656 1657 1658 1659 1660 1661 1662 1663 1664 1665 1666 1667 1668 1669 1670 1671 1672 1673 1674 1675 1676 1677 1678 1679 1680 1681 1682 1683 1684 1685 1686 1687 1688 1689 1690 1691 1692 1693 1694 1695 1696 1697 1698 1699 1700 1701 1702 1703 1704 1705 1706 1707 1708 1709 1710 1711 1712 1713 1714 1715 1716 1717 1718 1719 1720 1721 1722 1723 1724 1725 1726 1727 1728 1729 1730 1731 1732 1733 1734 1735 1736 1737 1738 1739 1740 1741 1742 1743 1744 1745 1746 1747 1748 1749 1750 1751 1752 1753 1754 1755 1756 1757 1758 1759 1760 1761 1762 1763 1764 1765 1766 1767 1768 1769 1770 1771 1772 1773 1774 1775 1776 1777 1778 1779 1780 1781 1782 1783 1784 1785 1786 1787 1788 1789 1790 1791 1792 1793 1794 1795 1796 1797 1798 1799 1800 1801 1802 1803 1804 1805 1806 1807 1808 1809 1810 1811 1812 1813 1814 1815 1816 1817 1818 1819 1820 1821 1822 1823 1824 1825 1826 1827 1828 1829 1830 1831 1832 1833 1834 1835 1836 1837 1838 1839 1840 1841 1842 1843 1844 1845 1846 1847 1848 1849 1850 1851 1852 1853 1854 1855 1856 1857 1858 1859 1860 1861 1862 1863 1864 1865 1866 1867 1868 1869 1870 1871 1872 1873 1874 1875 1876 1877 1878 1879 1880 1881 1882 1883 1884 1885 1886 1887 1888 1889 1890 1891 1892 1893 1894 1895 1896 1897 1898 1899 1900 1901
1000 905 13
956677 482558 430440 78989 64074 939544 65670 988106 279604 540172 627395 127254 759917
1000 148 55
276636 890785 85618 662279 529283 887676 2100 800537 352881 515016 219587 121475 638934 943048 766313 713429 881743 429361 959046 616692 242142 949613 791208 56556 69667 625312 953147 282075 221931 201646 280229 498566 92430 882198 677196 138064 286225 195648 938601 639105 710663 158187 760579 349596 617586 43244 63024 499328 472604 22069 632371 714745 971681 423578 287653
1000 348 91
851153 830272 950260 118255 254081 98677 849538 374669 160254 919496 286825 395524 505652 709617 635871 519604 904175 630916 482389 985736 712297 642694 676111 273578 867793 850637 662429 400752 331824 5776 225295 182976 352400 175554 301230 606480 790582 667119 981148 467188 102967 784324 862711 608618 493940 14934 644573 398114 645849 126962 900202 874497 286007 92664 148074 153799 943300 326854 554550 791475 332630 779844 974451 201381 471750 792032 807860 778683 975503 305359 245870 78469 89683 108581 687086 99974 123514 331659 498088 285714 974972 914641 160210 260978 7304 824635 414776 950604 151488 485677 742078
1000 247 13
279275 712577 920146 831858 595452 915318 717277 58935 338093 739312 685246 6654 104521
1000 482 8
258683 919065 220680 724000 244852 883083 247694 403008
1000 616 19
630893 467693 966589 674642 818744 990497 418245 958790 454211 852445 173268 37992 744814 240993 715248 436678 197669 714157 867117
1000 101 71
340616 30883 320939 458312 480654 981919 495520 943012 672565 213243 974500 185234 136927 229168 821278 484936 333342 248338 407634 503799 235791 592777 27467 43722 109044 127952 947238 939949 900722 437338 983771 757690 984573 304709 216001 981578 286627 711520 924589 475543 441114 899088 177128 94392 128256 514757 95679 977949 763095 503313 998100 998885 612441 25566 558958 237837 153518 22547 694137 570591 976237 677907 844632 477161 498967 60632 458738 301945 772152 899679 293839
3 9 26
1 1 1 100 100 1 1 1 1 1 1 1 1 1 1 1 1 10 11 11 11 11 1 1 1 100
1000 185 32
620725 438772 319156 923626 177215 76720 108087 94960 677650 284618 634465 30089 126561 427198 547222 132104 812644 188383 644832 662759 591902 850605 841721 877719 36912 510059 896576 433316 11013 516112 419099 148089
1000 364 5
527203 82452 160055 946679 324299
1000 817 51
404784 943195 379486 429818 76955 449860 423810 699861 843590 424402 203437 63725 868712 688721 86013 78600 314878 660611 911053 333673 805018 217530 387855 386795 932017 898019 285984 260586 398856 832153 957136 319991 291699 852973 749808 368653 302833 689969 68513 146422 114370 271949 726499 983081 477021 812511 578032 791898 473121 489084 641923
1000 991 59
339480 995063 330563 287429 98573 785480 690207 807993 31287 802628 595589 476077 660873 815548 628029 241794 591784 396839 242502 14963 975727 566466 961782 984387 35562 543336 42852 456083 477006 69194 97041 332837 64256 427603 620265 679180 729434 826823 487173 277073 629451 82761 753149 806675 414660 381177 564820 6443 778015 807321 537758 270093 890138 499539 254480 925699 559227 297331 381781
1000 136 69
2982 266770 282169 544748 990112 784232 35371 15368 701040 49429 613656 301740 141417 648822 96138 398894 440551 546134 613737 426782 266866 153479 997021 726566 119707 126445 637310 106569 321370 546797 291538 840703 813566 90058 385451 803677 390641 420821 335397 608033 986601 465404 909772 644369 114225 5909 43262 71127 552042 173350 14260 335259 326829 11280 61825 962887 137725 215486 69455 459094 762282 877344 816149 575847 483753 201599 895875 390746 138771
1000 1 1000
999999 999999 999999 999999 999999 999999 999999 999999 999999 999999 999999 999999 999999 999999 999999 999999 999999 999999 999999 999999 999999 999999 999999 999999 999999 999999 999999 999999 999999 999999 999999 999999 999999 999999 999999 999999 999999 999999 999999 999999 999999 999999 999999 999999 999999 999999 999999 999999 999999 999999 999999 999999 999999 999999 999999 999999 999999 999999 999999 999999 999999 999999 999999 999999 999999 999999 999999 999999 999999 999999 999999 999999 999999 999999 999999 999999 999999 999999 999999 999999 999999 999999 999999 999999 999999 999999 999999 999999 999999 999999 999999 999999 999999 999999 999999 999999 999999 999999 999999 999999 999999 999999 999999 999999 999999 999999 999999 999999 999999 999999 999999 999999 999999 999999 999999 999999 999999 999999 999999 999999 999999 999999 999999 999999 999999 999999 999999 999999 999999 999999 999999 999999 999999 999999 999999 999999 999999 999999 999999 999999 999999 999999 999999 999999 999999 999999 999999 999999 999999 999999 999999 999999 999999 999999 999999 999999 999999 999999 999999 999999 999999 999999 999999 999999 999999 999999 999999 999999 999999 999999 999999 999999 999999 999999 999999 999999 999999 999999 999999 999999 999999 999999 999999 999999 999999 999999 999999 999999 999999 999999 999999 999999 999999 999999 999999 999999 999999 999999 999999 999999 999999 999999 999999 999999 999999 999999 999999 999999 999999 999999 999999 999999 999999 999999 999999 999999 999999 999999 999999 999999 999999 999999 999999 999999 999999 999999 999999 999999 999999 999999 999999 999999 999999 999999 999999 999999 999999 999999 999999 999999 999999 999999 999999 999999 999999 999999 999999 999999 999999 999999 999999 999999 999999 999999 999999 999999 999999 999999 999999 999999 999999 999999 999999 999999 999999 999999 999999 999999 999999 999999 999999 999999 999999 999999 999999 999999 999999 999999 999999 999999 999999 999999 999999 999999 999999 999999 999999 999999 999999 999999 999999 999999 999999 999999 999999 999999 999999 999999 999999 999999 999999 999999 999999 999999 999999 999999 999999 999999 999999 999999 999999 999999 999999 999999 999999 999999 999999 999999 999999 999999 999999 999999 999999 999999 999999 999999 999999 999999 999999 999999 999999 999999 999999 999999 999999 999999 999999 999999 999999 999999 999999 999999 999999 999999 999999 999999 999999 999999 999999 999999 999999 999999 999999 999999 999999 999999 999999 999999 999999 999999 999999 999999 999999 999999 999999 999999 999999 999999 999999 999999 999999 999999 999999 999999 999999 999999 999999 999999 999999 999999 999999 999999 999999 999999 999999 999999 999999 999999 999999 999999 999999 999999 999999 999999 999999 999999 999999 999999 999999 999999 999999 999999 999999 999999 999999 999999 999999 999999 999999 999999 999999 999999 999999 999999 999999 999999 999999 999999 999999 999999 999999 999999 999999 999999 999999 999999 999999 999999 999999 999999 999999 999999 999999 999999 999999 999999 999999 999999 999999 999999 999999 999999 999999 999999 999999 999999 999999 999999 999999 999999 999999 999999 999999 999999 999999 999999 999999 999999 999999 999999 999999 999999 999999 999999 999999 999999 999999 999999 999999 999999 999999 999999 999999 999999 999999 999999 999999 999999 999999 999999 999999 999999 999999 999999 999999 999999 999999 999999 999999 999999 999999 999999 999999 999999 999999 999999 999999 999999 999999 999999 999999 999999 999999 999999 999999 999999 999999 999999 999999 999999 999999 999999 999999 999999 999999 999999 999999 999999 999999 999999 999999 999999 999999 999999 999999 999999 999999 999999 999999 999999 999999 999999 999999 999999 999999 999999 999999 999999 999999 999999 999999 999999 999999 999999 999999 999999 999999 999999 999999 999999 999999 999999 999999 999999 999999 999999 999999 999999 999999 999999 999999 999999 999999 999999 999999 999999 999999 999999 999999 999999 999999 999999 999999 999999 999999 999999 999999 999999 999999 999999 999999 999999 999999 999999 999999 999999 999999 999999 999999 999999 999999 999999 999999 999999 999999 999999 999999 999999 999999 999999 999999 999999 999999 999999 999999 999999 999999 999999 999999 999999 999999 999999 999999 999999 999999 999999 999999 999999 999999 999999 999999 999999 999999 999999 999999 999999 999999 999999 999999 999999 999999 999999 999999 999999 999999 999999 999999 999999 999999 999999 999999 999999 999999 999999 999999 999999 999999 999999 999999 999999 999999 999999 999999 999999 999999 999999 999999 999999 999999 999999 999999 999999 999999 999999 999999 999999 999999 999999 999999 999999 999999 999999 999999 999999 999999 999999 999999 999999 999999 999999 999999 999999 999999 999999 999999 999999 999999 999999 999999 999999 999999 999999 999999 999999 999999 999999 999999 999999 999999 999999 999999 999999 999999 999999 999999 999999 999999 999999 999999 999999 999999 999999 999999 999999 999999 999999 999999 999999 999999 999999 999999 999999 999999 999999 999999 999999 999999 999999 999999 999999 999999 999999 999999 999999 999999 999999 999999 999999 999999 999999 999999 999999 999999 999999 999999 999999 999999 999999 999999 999999 999999 999999 999999 999999 999999 999999 999999 999999 999999 999999 999999 999999 999999 999999 999999 999999 999999 999999 999999 999999 999999 999999 999999 999999 999999 999999 999999 999999 999999 999999 999999 999999 999999 999999 999999 999999 999999 999999 999999 999999 999999 999999 999999 999999 999999 999999 999999 999999 999999 999999 999999 999999 999999 999999 999999 999999 999999 999999 999999 999999 999999 999999 999999 999999 999999 999999 999999 999999 999999 999999 999999 999999 999999 999999 999999 999999 999999 999999 999999 999999 999999 999999 999999 999999 999999 999999 999999 999999 999999 999999 999999 999999 999999 999999 999999 999999 999999 999999 999999 999999 999999 999999 999999 999999 999999 999999 999999 999999 999999 999999 999999 999999 999999 999999 999999 999999 999999 999999 999999 999999 999999 999999 999999 999999 999999 999999 999999 999999 999999 999999 999999 999999 999999 999999 999999 999999 999999 999999 999999 999999 999999 999999 999999 999999 999999 999999 999999 999999 999999 999999 999999 999999 999999 999999 999999 999999 999999 999999 999999 999999 999999 999999 999999 999999 999999 999999 999999 999999 999999 999999 999999 999999 999999 999999 999999 999999 999999 999999 999999 999999 999999 999999 999999 999999 999999 999999 999999 999999 999999 999999 999999 999999 999999 999999 999999 999999 999999 999999 999999 999999 999999 999999 999999 999999 999999 999999 999999 999999 999999 999999 999999 999999 999999 999999 999999 999999 999999 999999 999999 999999 999999 999999 999999 999999 999999 999999 999999 999999 999999 999999 999999 999999 999999 999999 999999 999999 999999 999999 999999 999999 999999 999999 999999 999999 999999 999999 999999 999999 999999 999999
1000 469 21
232880 201849 253622 24912 526060 32304 414 347771 278174 595234 953805 903106 798671 53778 542971 130329 551865 828684 621652 982857 505245
1000 751 45
898421 88201 888918 863579 560190 353508 554788 203568 368799 816268 848359 276001 325610 813774 162905 881937 6659 172735 79483 924451 104901 33494 417868 470332 214478 883423 950296 575997 299434 914046 269693 714206 518598 158611 577784 78787 28470 132572 798706 397268 465191 163416 673268 790800 493542
1000 371 77
498263 96847 62404 202065 207081 765777 584712 421652 944299 125489 962551 919096 532031 957669 683101 189933 725783 506181 350734 719611 701442 878054 858493 54597 108524 759546 582454 899513 430764 105824 698789 929026 202670 277544 647442 926102 559673 232153 347753 503971 873993 826656 423066 922376 784324 622519 112308 26458 128699 979393 746069 830140 857446 120913 401089 965969 880458 983542 381833 311221 605717 596974 756599 324738 874517 404040 250839 950541 152545 114944 454512 542889 941599 393929 981616 242274 16447
1000 97 25
873962 251083 142868 985488 990295 582737 171203 738260 937208 291902 215835 145273 389173 526596 527936 985248 744479 294440 928011 169005 1231 196597 732882 712751 237575
1000 724 2
802943 658047
1000 801 13
927489 877049 762639 676422 482954 219499 420522 120048 982420 73529 800667 658827 912882
1000 216 72
175985 150886 429067 974023 226664 624286 804611 22049 35797 50959 591871 133054 149611 122011 51542 471389 76543 543575 806675 389142 859168 875329 223985 754054 21054 720429 268034 183711 747748 160249 783782 440085 311134 729200 414107 54149 353485 735069 76197 905633 786027 668067 38686 935637 306430 606579 407025 382972 666506 213700 288466 525673 89028 28802 279727 110082 749230 64112 810144 13329 740712 593925 969765 568197 323125 383871 622345 192961 118939 698541 98594 904965
1000 272 47
5816 794662 527798 713726 456478 485728 276401 805023 27438 639927 25011 404023 643903 637507 566652 117090 927572 422496 295423 432394 282906 31393 235877 247937 605904 817110 834049 416130 899131 647320 477028 904946 958333 521178 618672 414810 6905 411424 219832 550694 51350 244842 471068 695253 398701 37719 812342
1000 763 8
311800 825765 351644 798991 22407 230785 90908 839286
1000 946 35
973025 733042 693745 316265 84327 73028 119771 819236 849725 786550 738444 241213 184462 917745 600931 660179 23154 836088 841944 792734 782 489192 869095 124809 512729 850116 403520 689422 178963 285817 186308 668339 18858 880052 500955
1000 432 60
939359 754231 732579 267764 164075 974680 854766 686730 583780 284499 871443 318524 640452 392510 269693 952859 644865 209568 705147 731109 971863 41285 265959 620974 838543 777750 104729 719363 984437 227160 734322 923795 981391 983252 707911 145465 957931 562676 832194 541710 847174 219988 860234 3977 612497 646278 956836 773714 855845 178334 504822 344059 219618 287132 965032 574512 581233 69760 810226 565670
1000 990 74
658689 5191 672766 857183 10728 772022 912469 990745 252734 647556 251221 778814 973411 341326 552059 228177 939081 200656 743513 254178 864371 342516 830956 971469 198907 474887 228891 866932 495116 651232 827857 153805 172774 500623 527339 183502 788996 439807 690598 558081 603715 941818 336895 577125 799495 405305 321653 738576 605960 65165 992753 986682 407680 340060 474503 122938 331299 703393 506221 826414 870977 334078 496570 43750 834700 23909 227251 140047 463715 917849 698127 67429 376018 551373
1000 699 90
757151 839773 787172 958797 636353 802090 51226 34902 479285 189290 837479 674932 644242 476583 385594 802428 753514 251541 936365 796757 830916 435693 785712 369336 584415 16809 341016 7993 304461 415067 573234 61611 771191 360405 536759 923896 162494 104337 958797 158131 809978 796275 349414 454219 789210 251360 772998 542723 502900 709362 855831 333816 661406 157894 703151 245821 174702 560519 253813 995514 491937 827046 57125 263127 703802 110235 187022 866296 214571 662171 540778 24548 974797 890191 478766 764006 141550 768115 823080 160802 477477 678910 10969 138882 836804 230471 384702 527857 790989 154866
1000 953 90
889153 850412 833833 920808 155862 83398 727193 890462 841791 94788 744180 177523 202718 347737 911599 261130 200565 4687 598886 364344 765038 205459 844508 834572 875338 380375 759419 822512 610574 983723 546953 499726 834135 380785 936885 506348 464182 180429 396810 822324 791568 657341 999846 994285 521430 427796 771767 721994 432483 887004 602689 197520 92462 447197 32091 967799 827571 307861 306662 954496 291584 853614 970573 125718 750750 423809 148417 731284 604237 545226 553607 912156 718919 69805 906441 240348 13952 194559 478693 446434 81562 81382 160305 174024 44930 708748 658174 388852 16608 481188
1000 124 66
322162 385989 544148 245508 40931 414945 52858 842726 442627 939947 859591 455876 979372 74382 992640 602817 960908 415502 624038 8988 722179 858818 417813 943561 904813 135809 828739 129653 169013 652862 933270 491175 555202 993770 736682 596132 408714 305891 955209 851340 245838 331151 823567 741561 405533 816207 860730 366440 748060 484767 891779 470239 859936 825944 413799 281100 478104 242537 410753 647116 411750 860374 654642 966952 854143 391324
