20
262144 73 76548544 515607330 732354629
316898507
286585962
377542144
179424143
685312767
496676170
327033945
301910683
636739957
82910320
641059900
83344370
250391015
340364362
602678322
19652228
196004424
462687111
311153842
257391965
475558865
258985106
102220736
28227970
74495843
184046215
471284734
3560741
699653545
56155714
245655223
333777663
342741676
623197367
513201806
295699814
437099148
157461361
597610498
391064715
240371682
555896008
474409085
490762697
163905741
344732779
510414925
359910165
124645500
138794377
617302130
600204365
397779483
36748476
678012574
521855566
220794691
416942679
574996546
188093608
473098394
88297141
521871271
133065680
711494508
352298687
478345734
416239027
509760048
393181842
124529353
17777101
216723221
28409 97 816376560 207017915 544509017
141052867
444366733
50967735
474090724
504774144
62056613
72951429
66441455
471277250
68978633
412367832
255409947
69731145
509896574
524627670
11375417
186791938
542821111
480372243
450489447
539300881
233120263
236652954
427971401
34952571
76761349
125854295
337372534
283779264
125854295
7769180
455384551
56264431
58736915
415518678
47081978
151345948
488470107
113523433
108666601
12939724
11934668
364076548
113223289
521831242
344195202
124598706
164114164
373059716
91014352
100647014
398404000
324134615
337299968
281866384
389639606
444613737
438273100
182503124
183883984
50170798
220824724
94759519
106435229
310114059
510278197
184069627
461460007
484791708
328145481
25617591
497731432
340080149
389694140
66445704
317402375
219932745
191044410
512068959
48483444
282058762
98759376
446887444
92236780
466611764
214797231
481876387
366716485
108561314
150422914
36643872
158732112
371247638
161955811
295719761
167405100
158277412
1 1 81211169 314898224 276903169
84265670
262143 85 982218 329475453 137232153
52937889
17263383
3701455
71137339
33857021
90222334
132358658
17965494
29525068
49346589
76595589
105956845
22367676
53312724
47486725
92219366
69674376
92677384
35584075
127411202
120311533
129510932
12954079
105256160
109133229
86374224
105050759
99863954
4153218
55424334
54461708
105321907
72687717
106393964
39227093
17543385
59384145
82584399
35508879
137140013
42929635
112104469
105864705
65297311
28185040
16119278
68515325
8858063
19795309
104099400
47267912
51105489
96378180
108452791
19129497
68279256
57594862
35178903
30911058
61748080
90603237
133603566
29837835
74289601
102765377
117295728
2831634
73148170
110878774
38340513
73056030
16576257
13212829
89919383
81873568
89628669
17037308
61387540
9485379
36832617
28254788
56753291
136168907
124632968
27973930
467537 7 389468650 315281648 590722279
423581313
306749294
100126010
103430457
255085973
4693493
573597897
262143 1 0 1 854564819
0
286042 72 25808912 715786824 22545262
5560936
16298297
20028422
6119021
16609912
10928602
9769227
5639642
9829645
17470858
17397262
14130098
18292530
17511900
9176326
13823514
1165834
11149021
20693694
4932896
10915823
15216496
18285034
1619970
22304587
433266
14993494
3022976
19641683
2781417
9987629
2657357
13395957
7470790
3092620
7460607
12715634
7178089
7416492
16861521
18965189
19129996
8446357
9028699
14096634
11938925
306951
15262468
17404188
15316887
14511607
90992
7988121
10251379
1710962
7747447
5000887
11020698
10770423
2097308
8118358
20758052
21616169
21514315
22545084
2163528
6429660
7031698
3657859
8162394
1347957
16939291
266359 55 763705973 390998598 134130261
62155698
77992368
51697484
12610703
64918990
35705192
92723150
16655932
101425409
102610431
89530176
115776927
125310992
124521092
47299494
84605718
108430913
66238817
128864494
104710946
109270284
107025247
51791855
82865899
114268421
114204383
33001308
73192828
102812198
33001307
15526995
29438163
109594203
65825007
42048866
40382933
101530199
133372545
55639393
68825348
101852715
11039308
49072542
91633974
30667
94972564
42109431
108461581
27081121
35444192
77642794
821672
6939707
129434649
83687571
49777 60 738643648 438820717 570062620
226179113
406168716
140967166
157296615
462279112
519237873
192692975
275980337
24285183
537856992
60455543
408057425
529398694
49307222
30865037
519133604
234785920
149550883
303576796
207108431
281676577
191621716
516430725
156102076
463530729
172033739
115918673
54690731
470729217
115918673
245548770
259612542
84791601
519282768
549675989
109774925
31162234
172306344
385755263
55447417
140100716
8915018
26209054
232203622
190989072
57074091
314041439
425774993
206624975
180322447
195587636
488301552
371944164
141955742
207107841
265412273
313989481
323026514
452869836
347422911
262143 55 33967355 774269710 170888950
158093573
138911283
16304686
31570249
81600316
146103107
94790315
99415094
38944944
139005745
154566617
75233753
72113205
147791631
114452188
28530584
25585515
6496426
69524875
93609779
137448251
7868315
139010402
1417273
5861173
113586829
26285101
14494829
82150793
26285101
28446885
143428118
165196384
44751571
4109417
75907751
94038431
2083484
78506597
36167127
141089230
136256967
111400881
116386187
16343400
54964119
144916771
41928915
135533248
117625399
38722446
5276301
125493714
6843898
6693574
500000 57 331293066 558120037 162563831
60632910
26880450
109994904
118962761
123972022
27424880
159095517
80255972
137281435
78641219
23868462
34013556
3382441
51033018
149465222
11215056
52693730
5348700
120399701
45710910
158566772
16428169
67779465
64057121
140957522
87191346
85697445
9176111
123466045
110314458
155454567
21535125
103041064
102885641
140497886
64449255
130310521
102875727
110551382
70874280
18953115
134419844
70733991
22335557
151299017
57635382
161960599
7275071
62984083
119796469
52985981
24833179
102070794
120765447
88890301
80464485
11239117
262145 1 0 398468884 398468886
398468885
262144 70 11133335 536281330 448829278
190226611
431900572
1287872
280052287
372605565
56274574
16456507
180808118
277988149
360317891
172887103
89663884
394355743
255541628
318351273
61912652
442773978
105610195
196440788
46108745
368818587
207014809
84831191
96154560
11354389
48461284
283972214
323833356
232576078
283972213
383101955
70636153
363706250
32223292
350688440
287482537
88497866
14978411
19461377
14319479
375296303
289011222
200646105
417485510
192386315
70168101
127231627
186331015
175778296
323672415
329102503
95767605
81857946
413933694
288584907
189875077
110228442
220390585
161541897
342804520
55533520
95814575
413440673
67073234
224700609
411962578
354555771
313198475
426940989
21850612
262145 64 874208541 706285395 120955014
47839441
99956485
20735113
102378759
83424490
10852116
58752733
29556536
46267970
69704741
104414355
54294933
101716002
104746988
31830383
19138618
67506581
42313883
32740975
114013324
51161673
24707007
97738032
80368598
11345788
3007089
25461099
38869232
13269004
87527591
81621725
61108446
96235666
11108428
72238795
88411746
21960544
39743118
26719872
97935118
18199449
10179213
31275038
119915451
114926202
92812025
47805660
91184373
14170895
110253239
113949287
95039172
14005232
90732306
54452757
25351021
2490985
109620460
93926857
15759989
76193037
54593568
106575039
81180293
305726 91 113316438 628865107 643069121
555922594
399171327
436938214
203987509
50220538
240383992
205643969
370377472
337056458
57007205
138479637
20419341
88498156
33596209
388471002
204735284
1515999
339790994
540969226
379611541
277874762
502581131
236902582
439830574
481464503
404307682
598107986
447297295
390103668
598107985
642715464
84680857
135933906
218308273
70392081
186154444
240415980
276036051
338255631
577472439
333043256
476735268
597891780
203265128
510331477
125017376
408000412
293571192
464808370
87624232
30113612
99614012
590205363
267016195
321168301
210324461
28254756
276207166
14552635
200082140
12969745
14198979
284762997
573696487
14230967
355155078
541574646
254646947
631191129
236761156
189050265
102888980
70427303
568665761
306154108
362482495
50614016
495878235
12984566
515422387
583502467
467891015
396760114
312362425
516630925
74859294
522686886
326609396
132790175
537239521
526691536
185060 23 74967281 976231336 97592776
72047008
69998343
66827008
90985517
75109929
68322301
61759497
40325822
58146406
4788291
13621291
87770262
72391886
21093070
77664096
19247195
19038882
17068344
83148670
38622979
45735389
77404766
73345985
500000 98 284874476 992594949 627706762
578835724
478856855
58555153
16675463
464278484
248881172
479642271
517765397
140335899
102619330
125949058
449297547
184529045
245768943
487337484
519354537
23860940
555594638
54241699
113423437
2403887
600962892
355660727
434854050
144872244
232998789
275642987
429746721
333523614
275642986
101162270
284652576
126793079
159717423
301328040
326708201
144235234
516606949
216766836
284571133
354862917
78352533
106161918
539391962
324121476
329136041
431039737
83619054
620367317
220918074
197042491
622771204
194174205
288339856
165555131
74683087
521338645
441198118
504429808
227155497
452477742
341228716
247444712
579270821
236582778
284409390
13908898
380818012
173309577
230675734
37682383
528172494
44664905
507187702
175494332
104423019
571960381
606534069
188042073
564620936
563088782
385084565
295322017
492899625
45717659
196513786
567582712
302692943
373348542
179942397
265485078
198119522
521171113
512929790
513026981
130047129
169632418
526935879
262145 85 475098393 543178244 272651980
258280216
198442399
76000659
169584966
142222610
58957172
127058086
1041764
221984236
6351475
177421926
188703465
19473000
223216105
9738035
263130835
141120131
103220981
239485391
250643031
208682644
154230422
80061845
51659326
161627981
26557906
91493850
814495
24432191
885930
117594431
43792619
233060521
193595090
213377585
136363343
252552262
101515883
137405108
201884519
107867358
75907246
151668196
161072550
60203563
195138423
185283598
201323694
25707424
152117009
213046937
234390069
67427643
54188994
47129607
229055624
80746901
138623458
263602312
138911284
173241580
108544763
182703903
133650121
63220066
123429508
31093677
43120348
224945391
202230977
6085079
93892961
39218435
191485467
16045724
99421998
113971911
201329322
28093712
173411527
114526543
2220862
168881808
181954187
56409856
500000 80 873009974 699895847 106178948
100190145
44902666
106148186
39177362
91216243
69777384
68426419
101781902
49641037
92541187
9143141
44011384
12106392
37514919
52044073
67678139
3830620
73947902
23684074
16877785
58955674
36026787
4124571
37231424
79124188
6349769
1130060
102702578
89656709
66004307
8390230
83667906
4728025
90633728
98940580
72039581
54232165
61188051
43737847
79968514
23645602
28976300
100075211
11847306
66491220
45940336
79525446
70321840
95983550
103209520
63294937
48760277
9152672
67419509
62087013
88276860
49864590
39312385
84800491
33342351
105316693
69286033
10831310
86140030
29836125
85867202
28095975
84068290
40876306
47929135
33953169
40617220
76905435
27849432
52464527
37217707
49885080
1906337
83634859
39689683
100 100 0 0 1000000
7447
7447
15206
15206
24720
24720
34040
34040
84555
84555
102905
102905
231613
231613
256887
256887
258362
258362
287340
287340
331348
331348
381554
381554
390583
390583
408897
408897
423775
423775
450163
450163
470500
470500
516010
516010
523795
523795
546501
546501
553128
553128
557037
557037
560756
560756
561938
561938
562497
562497
575645
575645
589256
589256
596770
596770
597185
597185
602378
602378
612356
612356
616114
616114
622539
622539
633742
633742
668409
668409
724423
724423
746699
746699
821710
821710
835153
835153
859060
859060
877658
877658
888717
888717
920444
920444
934153
934153
944051
944051
965618
965618
966807
966807
978874
978874
979839
979839
999585
999585
