20
513 1 0 449148925 449148927
449148926
100 100 0 0 1000000
19458
19458
80856
80856
82133
82133
186202
186202
199960
199960
203422
203422
212057
212057
243177
243177
248374
248374
259010
259010
285907
285907
331103
331103
342966
342966
347733
347733
355009
355009
359301
359301
370591
370591
414943
414943
439639
439639
470152
470152
489481
489481
491229
491229
544407
544407
552645
552645
623836
623836
630718
630718
635676
635676
640916
640916
649567
649567
658332
658332
662735
662735
666637
666637
668569
668569
682210
682210
773001
773001
803417
803417
805079
805079
816469
816469
836333
836333
847308
847308
868856
868856
888419
888419
892744
892744
898925
898925
906172
906172
923655
923655
930584
930584
938174
938174
967922
967922
975449
975449
1000 31 265473848 285683614 429772541
75076227
362227556
13674673
263570367
273136806
129396934
191486881
405250579
108795492
309668471
241921962
205470788
356635171
308529957
329809147
185395056
357999141
161806741
127171700
80546829
122444309
359998574
255031139
200341696
100778254
216709074
429195385
366252102
214454123
801901
133422309
1 1 69682388 55167021 569875427
6146821
500 39 293537960 56380017 380133230
58886491
217719019
298278624
6542119
337298817
142670769
282515226
2084904
49874698
331654311
204879798
202775171
274876824
156531441
298306343
281921853
370488170
66613036
17908062
205073386
40681395
281221876
338991883
310451302
321623434
153423364
319766349
227944207
62319736
312682390
37158116
121206227
150268179
335436740
127748347
107433766
231290011
163446075
109518671
513 97 91984991 866546321 960498149
616348195
107927585
879311634
785799636
921909668
907074414
669660174
82376025
593099906
155513793
170615383
949943316
290288085
776796232
133965814
589143233
72468882
377155030
176216765
326446101
632657433
856203831
339857278
142630892
99958487
149905835
578430417
44459832
789964806
578430416
201393780
445814852
686358002
854218064
44628990
421282171
574306979
714289164
503658196
206908736
869802957
674273579
930364703
933603692
264084312
837843167
335761427
110065844
254500049
285490842
436511945
660670132
181196525
549881873
803301025
54667662
473300359
194745943
99127494
302767016
773176359
74033924
522094519
272548862
701764639
566723509
693831033
315573469
320514524
10503730
295994856
3331983
684777310
39374060
936935675
948861622
877217227
85711603
98429318
905229926
371202446
308453913
605401910
552398971
858335787
221717436
607066633
371137997
416463379
479706777
447417663
2654239
553740702
9014033
48715752
68519842
575737542
512 61 219501734 806265728 581731886
432714602
123287035
349325630
239451704
78694380
488177091
408883520
144336051
422209664
269796885
69804803
176655278
33731513
364353678
116352885
281530640
53810197
189030291
164690320
494967190
505736480
161085787
45980452
3785936
542395217
23075001
33450635
180165065
247608843
49430759
125101463
98591559
172717794
474427093
517487160
251412174
380872299
524082690
395748226
400793973
391591586
63265039
175161261
425323099
25330727
291514146
304565749
79140924
78256447
469256069
574108114
2261042
228053866
217800576
6046978
188717197
240875577
39497613
368882262
488484421
88928372
512 10 926153076 982504384 546470993
261770135
449847313
35621776
468708236
312504058
369480890
390971476
169173164
274752023
228853689
511 66 703044933 344591459 669764718
453600817
294065413
250842327
113943590
44015589
529939231
473940037
129727193
111147768
39640527
500929639
419601682
127821656
536107829
608172751
502083029
625953681
462089967
539515121
435895740
239742912
24948580
472415661
539490377
73664332
540935503
598007138
298990336
545997528
598007137
3244847
191644133
84118338
115897680
305587724
659709152
645836912
641338267
119671627
87219962
542789300
482411772
506821644
846239
210565389
307040183
364739774
166754352
99365432
96300684
464460598
200918851
121249264
267111542
70644510
194913596
138282327
530462154
493903932
546090361
320515080
358959286
67969777
266443924
474856966
235368007
292 99 67192546 996098528 145488413
1347104
104673475
78881730
49728105
5321080
71686338
2658895
108041109
137581239
33605207
119341992
86302534
137077782
78114180
34545814
20201405
37854723
39879479
102023089
137448017
19380703
138725431
20426112
36763193
65732452
12077995
134152853
130929765
135246045
5088095
8202251
25947284
109761570
87083981
75675389
4436784
48124454
78334285
1832028
75059827
1293626
121174020
15873948
138371408
53799787
85262309
47926947
126497057
14495922
39304170
7810795
33876625
32541188
28236907
105482366
133116188
40314902
128989353
118557540
64915082
134077449
16113925
90862366
98350606
138040454
21049342
137629938
75519042
134226174
139461966
5090456
24873934
4501707
55806951
52599476
58301494
141069260
100526424
74152685
44919317
29184728
81963480
78795942
96568464
110200387
73632442
84196239
39869424
57133383
92107913
104784506
45722419
108221839
50158459
33427159
100773880
106050348
25568684
30804509
511 1 0 1 996002094
0
367 55 299467375 841125942 886329464
280014291
18015011
294748188
164844814
781717664
216946930
72528189
465263627
309028091
527147107
253040177
155683320
147634226
110621941
818403344
827373995
340473955
648125826
418850939
37717267
97931934
179960178
565099042
845051226
34158001
742585648
138851876
72471193
436227944
138851875
636318748
716242235
156866887
556242216
881087049
563759831
398364426
578790518
142693994
707392517
219608161
20909451
863075838
367242387
643036137
420324998
308286919
608685372
182121360
352313138
271577919
791558038
157448596
836676961
375455080
235 24 103051998 23667467 268580781
70777046
214020476
205481156
153160836
34369294
143032578
243622859
33696927
3462928
135818163
13513821
261616151
162988306
4532633
218010212
58263038
144385384
224523360
192140298
228696554
139312258
117287524
91185605
51434970
100 64 359572382 444041546 89058063
16270509
22622322
72750590
55300346
56404568
44637476
40831581
61505030
43982943
38087395
57245024
3680830
12542001
88758151
17807350
70314061
79393467
48767574
50136553
14259094
61506049
53497666
62589060
51525678
62136985
36329666
4610766
65477116
55442205
4610765
62667227
61622579
27233087
36269618
17774726
73547520
80907094
48516171
35904351
35831975
86603566
4091312
29422669
10087504
3791401
47230019
80401565
73094732
85907457
31389919
87353827
48265308
74797450
50794688
10732923
47876372
87124354
5253553
24295425
43418361
9864318
76872516
15982877
27007270
451 55 77936060 318108426 400636421
353699949
278334111
184180318
268669342
60376278
195484570
289238629
223499689
193212576
66756305
392005384
99332251
227119546
38090116
16833704
278782134
365546454
36522281
212244333
113714063
244455342
104676129
69712184
319797160
262124725
45871382
235370898
138151523
363979808
289796512
342984393
172741793
167494203
382863168
40774715
227870481
177711318
185711801
50733749
370923894
108166563
42102713
325954602
335286109
80192829
342788307
69130280
301437740
379310588
137073070
14515382
223129510
241749200
340562444
398625127
1000 36 248716532 184791918 933309486
719932107
441456555
511952550
757135529
246192592
21113217
95999614
551887287
239621265
30666550
361603599
722377687
169451441
813982082
281438792
164725214
374640519
646523641
446351767
88239358
356843410
134774292
633369511
398196660
298855148
256170799
496865229
547571681
507653232
282691066
906474416
13411177
724147621
204252804
770546706
689475537
527 13 674106014 994138876 767970768
13107951
679739769
229852014
441264594
477806407
308785423
336135572
372651351
134235727
472331940
465739935
177486606
554954834
511 10 294548875 505449368 411262899
243146392
44653758
29894094
237406355
166864454
132745148
241275419
131540609
309057614
200133686
513 41 289530350 363029457 866187147
193109592
263209786
316194114
183250817
809798942
197469101
854945321
157103705
117689666
305309253
486912852
303084722
663308394
212304988
430256423
737213158
349412484
361861513
126057151
106697509
462639767
787201953
543914016
828891869
135468929
544715917
104148153
424999279
41558228
689038798
119933971
685745613
537139230
436128086
2809284
65641671
633597187
442645251
222745376
336177500
747954504
1000 30 91695735 184787990 6841826
4585574
1477811
4202884
1847663
1603197
1505799
4304883
3645154
5621410
5611446
2811645
3963430
2471702
204009
117966
844845
801807
2732360
4144846
6505777
3140580
1644267
1075619
2966981
2447670
4816786
4331360
5199667
4875474
6518167
