9
3 9 26
1 1 1 100 100 1 1 1 1 1 1 1 1 1 1 1 1 10 11 11 11 11 1 1 1 100
10 5 42
256470 948783 365138 181390 724899 856343 380571 909160 884173 712027 915126 742877 945521 10276 32908 647754 136440 615648 944191 972983 996205 106514 962796 613637 963307 941492 803848 123273 357920 732252 60214 130741 197386 941704 312130 438637 314398 209053 347796 198570 437431 779273
3 2 6
8 2 5 2 4 9
10 10 74
549708 878506 334221 264629 315936 113494 238779 215238 419393 729485 245941 378084 868542 737187 309758 3803 851298 720579 752700 445067 72891 821796 162108 299475 139496 455715 140447 170934 691025 326252 641007 757084 204758 975228 538065 37045 605073 776843 252283 540817 22679 498223 435253 891220 751761 261362 411374 119410 981940 680425 80828 571182 502221 242936 387008 158068 215002 43806 329001 422379 370058 486360 695814 91167 977939 233878 128211 99363 527073 380493 156531 66103 395068 591783
10 3 10
853144 885048 782590 351435 81825 863417 438969 100397 622704 342328
10 4 26
386134 103817 260084 756191 106528 955897 363709 600818 706127 491919 700180 749551 388764 856710 332005 783831 448493 805679 447010 817988 207079 745951 685775 805255 609368 641095
10 5 35
66176 473207 54404 707270 378857 802826 690692 59322 905306 576598 359956 267868 218695 283468 102679 740851 291446 643616 271278 999602 450455 190468 80820 589299 409840 126882 50173 592574 507284 234477 37610 573459 707683 92013 280729
10 3 21
305900 490706 30704 442340 622706 491246 415322 135262 114112 894470 748898 77418 352313 552745 200690 710232 801349 777256 840973 515086 235311
10 3 23
983422 680466 586128 369555 784282 362563 642097 407161 318460 5805 7978 540938 14076 708157 290488 919191 81219 138844 219373 529711 944523 182734 864050
