99
2
2 1
3
1 3 2
4
2 1 4 3
4
1 2 3 4
4
1 2 4 3
4
1 3 2 4
4
1 3 4 2
4
1 4 2 3
4
1 4 3 2
4
2 1 3 4
4
2 1 4 3
4
2 3 1 4
4
2 3 4 1
4
2 4 1 3
4
2 4 3 1
4
3 1 2 4
4
3 1 4 2
4
3 2 1 4
4
3 2 4 1
4
3 4 1 2
4
3 4 2 1
4
4 1 2 3
4
4 1 3 2
4
4 2 1 3
4
4 2 3 1
4
4 3 1 2
4
4 3 2 1
998
900 306 35 989 372 700 374 898 819 165 872 394 918 477 627 95 356 361 210 672 948 550 106 55 876 195 673 658 557 20 816 959 336 960 858 8 274 547 706 741 107 886 125 273 186 842 19 440 376 14 688 539 43 951 53 544 554 403 349 632 436 599 958 37 11 888 889 631 540 891 86 152 337 990 58 166 73 998 417 321 668 451 18 839 855 38 423 756 647 33 712 556 513 415 93 421 985 162 486 76 248 736 328 611 579 685 21 666 196 454 439 860 42 386 66 384 128 935 497 792 905 432 201 442 669 763 268 944 692 103 88 865 491 118 120 515 721 811 218 978 823 702 174 199 312 667 453 429 342 514 618 561 326 566 520 772 764 346 895 10 39 580 803 506 973 589 626 730 709 311 983 468 981 732 433 176 221 915 316 778 856 984 269 370 173 187 150 215 455 289 345 117 678 229 716 528 77 532 205 131 302 143 646 943 84 510 766 817 398 969 320 291 220 538 44 783 761 806 482 383 234 771 841 147 276 333 313 508 335 651 931 369 112 596 353 332 560 828 340 438 280 197 784 788 638 161 704 265 458 123 153 41 471 422 330 105 188 325 731 257 878 444 609 670 54 621 923 518 908 633 52 635 600 710 946 739 245 264 192 677 800 826 953 388 664 109 282 163 703 180 808 516 381 967 613 487 831 757 144 296 29 390 844 60 496 385 657 630 69 466 987 775 825 465 542 6 713 80 701 874 880 139 934 190 304 250 179 307 322 441 779 310 604 459 822 991 24 913 526 818 595 919 447 748 168 208 877 413 4 575 358 980 571 181 912 292 463 890 827 776 787 653 81 798 963 660 126 517 598 536 49 869 71 338 355 254 63 172 263 524 892 723 955 620 838 352 791 562 247 628 404 79 504 938 729 78 177 974 184 683 795 329 917 414 122 238 45 933 148 750 897 690 334 986 149 56 695 64 564 129 718 224 290 982 259 535 608 279 485 411 203 812 624 170 28 563 676 178 507 363 474 430 132 759 954 34 478 198 698 494 348 619 249 339 418 434 717 59 929 565 101 906 735 682 299 400 793 96 50 549 573 568 941 650 641 12 921 719 469 773 359 786 74 395 832 82 445 30 734 629 40 232 230 655 141 894 102 488 473 27 202 92 947 768 366 475 498 267 285 762 490 681 961 75 323 751 674 864 216 843 164 206 32 930 588 699 586 945 940 9 157 48 866 344 207 308 68 113 965 480 760 679 733 435 707 777 966 914 614 523 406 443 883 275 640 396 424 545 367 362 146 875 567 752 686 426 2 305 449 137 559 849 956 742 551 437 36 737 189 108 483 835 652 343 262 327 167 722 151 293 555 412 284 25 70 691 899 939 639 949 341 663 870 607 836 970 130 747 994 387 241 239 694 525 450 583 295 281 225 862 65 654 260 194 714 901 581 922 821 680 962 314 457 904 543 182 127 347 142 671 834 500 582 460 288 696 219 634 790 616 408 231 594 603 988 802 13 251 89 317 104 191 749 114 211 138 887 558 476 286 689 22 649 738 271 428 258 236 26 854 119 903 448 502 360 67 697 727 925 531 136 884 270 462 770 570 781 743 846 780 277 916 725 115 979 548 910 758 879 926 489 467 527 815 927 391 850 90 932 830 399 135 217 492 237 992 605 813 574 584 397 662 393 87 62 373 522 266 753 261 623 642 155 534 31 501 833 303 511 622 715 287 240 801 350 472 402 456 505 319 169 410 569 530 379 952 937 382 644 867 755 617 354 283 99 145 51 857 91 204 782 183 512 645 728 297 83 648 493 124 479 278 368 407 993 214 576 820 845 754 15 481 902 377 724 767 656 159 499 111 375 746 744 158 364 431 470 484 546 503 246 16 185 409 509 537 585 675 392 324 175 371 853 309 100 298 529 389 789 805 840 5 255 794 553 720 615 829 380 427 593 85 294 116 357 47 253 885 235 740 796 995 222 1 552 97 871 256 464 7 863 765 226 223 227 807 665 331 659 859 233 521 837 705 140 785 46 851 873 726 591 156 272 975 315 133 907 519 533 3 896 882 602 804 242 852 661 824 810 452 942 461 936 950 881 446 72 972 847 212 577 610 578 23 401 590 318 636 110 300 154 213 971 193 405 301 597 968 848 708 612 774 98 809 643 425 693 868 625 637 244 920 160 378 495 94 420 769 606 17 252 976 997 957 365 243 861 996 964 592 121 711 587 684 601 814 799 200 209 134 351 171 924 911 61 893 57 797 745 541 687 928 416 909 572 977 419 228
18
1 6 7 10 3 12 8 2 9 4 11 5 17 14 15 16 13 18
42
35 14 24 31 40 34 32 33 3 4 22 12 26 29 15 20 17 19 9 2 28 25 11 38 27 8 16 36 5 30 21 6 42 23 10 1 37 13 18 7 41 39
17
1 10 3 13 5 6 7 16 9 4 11 12 2 14 15 8 17
1000
700 108 90 4 164 453 16 260 845 68 805 636 13 14 317 7 846 18 679 20 21 22 654 638 220 26 324 276 953 138 882 741 33 864 702 36 54 38 787 40 865 42 728 937 996 297 458 896 179 960 319 832 137 37 55 56 57 555 59 418 126 515 523 149 65 535 315 10 885 988 574 72 627 74 432 904 685 393 183 443 81 989 105 813 85 375 87 377 133 3 91 303 718 253 725 96 748 829 99 987 649 569 296 483 83 440 181 2 749 110 111 277 655 233 703 185 117 842 986 946 184 965 932 856 125 61 594 128 734 130 131 132 89 421 135 817 53 30 546 140 141 142 765 434 145 249 670 148 64 323 850 826 153 154 155 435 862 250 339 160 367 660 163 5 613 764 167 168 357 170 171 172 274 972 213 330 890 747 49 763 107 316 79 121 116 704 897 391 754 336 191 695 903 194 195 196 197 198 199 619 201 516 203 204 906 206 611 208 662 876 614 212 175 214 300 216 656 689 733 25 221 587 424 224 225 354 255 397 867 948 231 926 114 234 524 758 244 462 239 240 475 337 243 237 247 246 245 248 146 158 778 912 94 981 227 256 863 751 259 8 261 262 263 449 456 538 273 268 478 378 338 901 267 173 767 28 112 997 565 395 281 406 283 313 285 286 383 488 855 290 291 730 990 294 295 103 46 298 446 215 301 302 92 643 305 306 307 571 641 310 554 461 284 486 67 182 15 593 51 994 665 547 150 27 385 326 909 387 334 176 331 332 333 329 551 190 242 271 159 340 429 342 755 534 825 562 407 558 349 416 351 750 467 226 479 450 169 358 359 360 361 522 363 364 365 438 161 368 509 701 371 484 373 828 86 474 88 270 624 459 381 927 287 404 325 386 328 886 389 444 188 392 78 559 280 795 228 583 507 400 556 868 530 384 405 282 347 816 409 410 411 857 802 634 476 350 417 60 419 910 134 422 975 223 425 426 427 495 341 623 431 75 433 144 156 985 620 366 439 106 629 652 80 390 445 299 768 448 264 356 451 617 6 454 793 265 506 47 380 861 312 238 621 526 723 466 353 752 469 470 950 956 473 376 241 415 485 269 355 480 978 482 104 372 477 314 907 288 883 783 491 799 493 895 428 496 497 849 499 936 1000 502 503 774 935 457 399 508 369 889 511 512 513 567 62 202 517 518 618 939 521 362 63 235 525 464 839 528 529 403 531 532 674 344 66 785 537 266 539 540 541 879 737 821 586 139 322 921 549 550 335 552 553 311 58 401 625 348 394 560 746 346 563 697 279 566 514 753 102 612 308 572 573 71 575 576 871 974 680 615 605 582 398 798 993 545 222 999 589 590 591 592 318 127 595 596 683 760 622 600 601 602 894 604 581 606 806 860 873 610 207 570 165 211 580 616 452 519 200 437 463 599 430 379 557 626 73 628 441 672 631 632 892 414 635 12 668 24 869 640 309 642 304 835 731 646 647 648 101 650 843 442 745 23 113 217 980 658 659 162 788 209 692 664 321 666 712 637 669 147 671 630 673 533 738 676 739 678 19 579 681 967 597 684 77 998 687 834 218 690 719 663 693 694 192 696 564 698 822 1 370 35 115 186 844 706 924 708 930 710 711 667 854 714 715 779 717 93 691 720 722 721 465 724 95 726 727 43 729 292 645 902 219 129 735 736 543 675 677 995 32 880 743 933 653 561 178 97 109 352 258 468 568 189 343 756 991 236 759 598 777 762 180 166 143 970 275 447 954 770 771 772 773 504 775 776 761 251 716 917 781 984 490 811 536 808 39 661 789 790 791 792 455 794 396 796 941 584 492 852 929 413 803 804 11 607 959 786 809 810 784 887 84 814 815 408 136 818 819 820 544 699 831 824 345 152 827 374 98 830 823 52 833 688 644 836 928 838 527 840 841 118 651 705 9 17 943 848 498 151 851 800 853 713 289 124 412 908 859 608 460 157 257 34 41 866 229 402 639 968 577 872 609 962 923 210 877 878 542 742 881 31 489 969 69 388 812 888 510 177 891 633 893 603 494 48 187 938 899 900 272 732 193 76 905 205 487 858 327 420 911 252 913 914 915 916 780 918 919 955 548 922 875 707 963 232 382 837 801 709 931 123 744 934 505 500 44 898 520 940 797 942 847 944 945 120 947 230 949 471 957 952 29 769 920 472 951 958 807 50 973 874 925 964 122 966 682 870 884 766 971 174 961 578 423 976 977 481 979 657 254 982 983 782 436 119 100 70 82 293 757 992 585 320 740 45 278 686 588 501
1000
1 2 3 4 5 6 7 8 9 10 11 12 13 14 15 16 17 18 19 20 21 22 23 24 25 26 27 28 29 30 31 32 33 34 35 36 37 38 39 40 41 42 43 44 45 46 47 48 49 50 51 52 53 54 55 56 57 58 59 60 61 62 63 64 65 66 67 68 69 70 71 72 73 74 75 76 77 78 79 80 81 82 83 84 85 86 87 88 89 90 91 92 93 94 95 96 97 98 99 100 101 102 103 104 105 106 107 108 109 110 111 112 113 114 115 116 117 118 119 120 121 122 123 124 125 126 127 128 129 130 131 132 133 134 135 136 137 138 139 140 141 142 143 144 145 146 147 148 149 150 151 152 153 154 155 156 157 158 159 160 161 162 163 164 165 166 167 168 169 170 171 172 173 174 175 176 177 178 179 180 181 182 183 184 185 186 187 188 189 190 191 192 193 194 195 196 197 198 199 200 201 202 203 204 205 206 207 208 209 210 211 212 213 214 215 216 217 218 219 220 221 222 223 224 225 226 227 228 229 230 231 232 233 234 235 236 237 238 239 240 241 242 243 244 245 246 247 248 249 250 251 252 253 254 255 256 257 258 259 260 261 262 263 264 265 266 267 268 269 270 271 272 273 274 275 276 277 278 279 280 281 282 283 284 285 286 287 288 289 290 291 292 293 294 295 296 297 298 299 300 301 302 303 304 305 306 307 308 309 310 311 312 313 314 315 316 317 318 319 320 321 322 323 324 325 326 327 328 329 330 331 332 333 334 335 336 337 338 339 340 341 342 343 344 345 346 347 348 349 350 351 352 353 354 355 356 357 358 359 360 361 362 363 364 365 366 367 368 369 370 371 372 373 374 375 376 377 378 379 380 381 382 383 384 385 386 387 388 389 390 391 392 393 394 395 396 397 398 399 400 401 402 403 404 405 406 407 408 409 410 411 412 413 414 415 416 417 418 419 420 421 422 423 424 425 426 427 428 429 430 431 432 433 434 435 436 437 438 439 440 441 442 443 444 445 446 447 448 449 450 451 452 453 454 455 456 457 458 459 460 461 462 463 464 465 466 467 468 469 470 471 472 473 474 475 476 477 478 479 480 481 482 483 484 485 486 487 488 489 490 491 492 493 494 495 496 497 498 499 500 501 502 503 504 505 506 507 508 509 510 511 512 513 514 515 516 517 518 519 520 521 522 523 524 525 526 527 528 529 530 531 532 533 534 535 536 537 538 539 540 541 542 543 544 545 546 547 548 549 550 551 552 553 554 555 556 557 558 559 560 561 562 563 564 565 566 567 568 569 570 571 572 573 574 575 576 577 578 579 580 581 582 583 584 585 586 587 588 589 590 591 592 593 594 595 596 597 598 599 600 601 602 603 604 605 606 607 608 609 610 611 612 613 614 615 616 617 618 619 620 621 622 623 624 625 626 627 628 629 630 631 632 633 634 635 636 637 638 639 640 641 642 643 644 645 646 647 648 649 650 651 652 653 654 655 656 657 658 659 660 661 662 663 664 665 666 667 668 669 670 671 672 673 674 675 676 677 678 679 680 681 682 683 684 685 686 687 688 689 690 691 692 693 694 695 696 697 698 699 700 701 702 703 704 705 706 707 708 709 710 711 712 713 714 715 716 717 718 719 720 721 722 723 724 725 726 727 728 729 730 731 732 733 734 735 736 737 738 739 740 741 742 743 744 745 746 747 748 749 750 751 752 753 754 755 756 757 758 759 760 761 762 763 764 765 766 767 768 769 770 771 772 773 774 775 776 777 778 779 780 781 782 783 784 785 786 787 788 789 790 791 792 793 794 795 796 797 798 799 800 801 802 803 804 805 806 807 808 809 810 811 812 813 814 815 816 817 818 819 820 821 822 823 824 825 826 827 828 829 830 831 832 833 834 835 836 837 838 839 840 841 842 843 844 845 846 847 848 849 850 851 852 853 854 855 856 857 858 859 860 861 862 863 864 865 866 867 868 869 870 871 872 873 874 875 876 877 878 879 880 881 882 883 884 885 886 887 888 889 890 891 892 893 894 895 896 897 898 899 900 901 902 903 904 905 906 907 908 909 910 911 912 913 914 915 916 917 918 919 920 921 922 923 924 925 926 927 928 929 930 931 932 933 934 935 936 937 938 939 940 941 942 943 944 945 946 947 948 949 950 951 952 953 954 955 956 957 958 959 960 961 962 963 964 965 966 967 968 969 970 971 972 973 974 975 976 977 978 979 980 981 982 983 984 985 986 987 988 989 990 991 992 993 994 995 996 997 998 999 1000
10
1 2 3 6 10 5 7 9 8 4
999
903 339 537 435 345 312 188 171 85 1 350 44 908 792 200 554 861 625 277 92 957 394 727 660 304 744 523 103 621 574 765 683 359 525 868 272 168 840 623 994 664 711 378 657 148 607 259 724 74 137 165 926 422 91 430 699 34 133 516 592 150 244 307 804 662 960 302 902 470 431 309 354 97 826 65 658 916 199 399 204 263 941 7 364 479 596 459 564 531 906 552 72 161 687 539 829 637 291 21 368 828 270 13 162 924 198 130 852 490 817 589 213 628 293 878 962 606 456 627 191 974 114 308 913 707 234 778 254 930 940 932 777 712 500 498 265 775 638 45 10 688 257 997 322 209 167 995 211 281 557 559 871 963 115 519 66 514 756 815 814 998 654 925 754 298 515 780 706 318 225 424 80 961 28 928 116 663 593 413 914 943 935 466 999 112 99 221 119 441 583 392 855 295 331 579 904 442 809 551 261 772 764 186 985 708 84 6 698 895 174 389 462 493 355 547 947 143 145 851 781 280 256 599 195 938 218 768 594 487 889 488 243 806 20 324 58 759 250 643 763 580 299 71 365 937 991 864 325 340 376 797 729 794 560 720 955 807 474 155 367 965 548 129 266 588 556 358 347 285 478 737 248 76 379 681 245 742 481 425 319 602 491 743 26 689 159 507 450 452 524 176 892 262 303 716 486 314 353 915 573 715 134 506 967 385 752 866 740 205 597 170 429 730 921 882 383 789 370 320 672 439 842 226 406 166 508 900 179 412 835 53 398 642 434 953 8 419 859 328 521 154 674 201 332 546 344 35 381 512 685 782 240 586 648 484 448 96 572 194 576 633 561 948 282 228 375 408 741 54 973 67 956 423 39 679 207 11 541 311 396 890 578 87 294 505 710 838 786 891 107 723 865 366 46 784 62 601 472 608 544 175 901 203 503 126 24 811 227 42 2 342 395 659 808 989 783 951 813 812 229 219 178 499 251 241 397 444 361 917 338 848 713 939 825 796 94 289 101 968 850 306 164 942 746 497 70 540 615 447 690 535 349 480 172 313 630 656 468 363 876 158 697 631 587 83 405 575 403 980 49 437 357 779 509 22 3 595 545 958 739 215 502 36 144 330 533 529 109 47 17 671 373 975 718 369 847 467 208 836 550 267 944 77 458 371 649 666 416 897 68 121 48 931 390 787 43 40 626 558 496 834 722 632 582 351 356 755 232 927 273 970 770 153 567 977 684 189 802 501 646 393 919 526 483 959 61 336 475 196 113 636 418 494 692 705 673 735 337 421 879 184 616 127 206 149 98 717 678 945 63 407 750 237 527 816 231 33 464 138 60 538 841 877 886 946 449 665 653 972 334 73 214 923 824 327 202 603 156 677 451 428 75 758 635 910 569 230 305 532 182 528 845 32 563 139 894 384 655 287 341 495 949 833 388 249 160 510 258 23 187 795 352 485 346 766 9 823 321 979 907 414 675 283 222 753 749 192 909 457 105 791 461 622 123 93 818 432 274 426 849 680 276 885 31 41 151 329 629 969 117 771 553 362 620 922 693 122 391 433 617 590 843 404 827 517 530 719 745 152 645 534 400 798 360 12 513 146 736 555 837 193 571 661 568 867 163 613 455 38 981 793 279 934 738 668 954 652 269 128 611 805 776 233 504 348 933 857 799 565 247 844 315 598 695 141 260 542 832 820 180 667 30 862 701 417 704 438 100 856 224 854 16 88 252 216 333 335 95 239 290 387 709 651 682 880 734 639 427 50 104 446 124 570 747 197 409 82 135 562 702 181 785 800 310 731 884 899 56 5 238 465 183 415 482 676 81 489 614 169 236 767 966 821 242 760 888 686 402 125 173 831 696 978 445 19 604 605 323 190 268 37 609 728 774 634 460 584 788 863 223 839 624 964 872 585 4 992 581 549 217 297 316 518 64 874 271 986 618 142 110 600 411 401 726 691 869 454 27 284 769 220 386 536 543 757 317 748 846 887 212 108 990 86 911 577 669 51 132 721 950 996 255 733 157 443 253 111 988 382 732 436 264 380 773 235 374 893 725 881 90 140 59 912 296 703 343 670 918 15 278 810 619 511 803 790 987 896 14 641 210 177 292 471 751 185 591 102 952 858 566 326 819 52 476 131 700 875 898 860 929 610 118 29 647 286 873 694 25 463 288 55 57 410 492 440 822 372 883 761 136 477 650 853 905 714 300 246 983 301 993 473 275 106 870 18 89 976 762 79 453 920 78 830 612 420 147 936 644 982 640 120 801 971 469 377 69 522 984 520
3
1 2 3
49
1 23 2 38 5 11 7 43 37 32 8 30 13 14 15 16 17 42 26 20 21 12 28 24 4 19 10 45 40 6 46 34 33 3 35 25 9 18 39 41 29 22 36 44 27 48 47 31 49
39
34 37 29 2 36 26 7 24 14 8 11 13 23 12 5 16 39 3 22 17 4 15 18 1 9 28 6 25 35 27 30 32 33 21 31 19 10 38 20
4
1 2 3 4
30
1 2 3 30 4 6 13 16 9 7 17 12 5 14 15 8 10 18 19 20 21 22 23 24 25 26 27 28 29 11
45
1 2 3 4 5 6 7 8 9 10 11 12 36 14 15 16 17 20 19 38 44 21 22 24 25 13 27 28 29 30 31 32 33 34 35 23 37 18 39 40 41 42 43 26 45
32
6 18 31 32 3 29 9 14 26 23 11 24 13 25 8 2 20 30 1 16 12 28 17 15 19 5 27 21 7 4 10 22
998
305 299 283 656 726 269 912 218 520 490 647 685 992 32 125 611 583 38 88 256 597 590 792 434 134 408 213 779 746 379 910 14 472 817 197 542 680 18 613 455 152 635 250 716 543 97 822 581 157 239 313 541 841 149 652 972 81 713 880 856 131 651 801 351 211 622 119 497 710 467 642 781 148 665 338 662 743 805 420 888 57 873 902 678 285 140 354 19 113 719 385 806 572 121 172 742 46 727 769 464 312 643 209 192 837 795 275 459 768 953 712 137 89 251 519 212 243 575 67 838 94 145 341 267 15 985 547 273 442 821 61 946 958 25 693 928 112 684 439 86 326 908 751 991 122 555 966 73 54 373 417 41 277 839 764 411 49 392 280 471 634 374 723 390 605 868 615 670 877 675 224 95 754 240 984 620 655 479 349 195 676 318 352 945 372 782 744 729 777 610 364 104 942 363 180 376 35 598 996 592 965 977 361 770 206 205 416 227 103 929 65 116 27 533 329 653 445 8 941 927 302 785 449 171 925 937 208 732 683 566 431 752 784 544 725 304 242 962 50 174 567 237 117 753 282 331 507 296 905 43 114 264 776 486 702 20 568 537 487 320 400 435 739 252 899 814 124 771 6 468 741 619 128 383 107 461 153 289 493 159 398 245 3 800 85 357 863 890 278 892 496 578 731 444 818 248 767 381 2 813 970 221 758 236 1 791 926 658 539 328 887 101 51 688 825 794 711 182 514 260 666 648 515 938 481 141 412 310 215 763 246 681 715 511 603 551 636 75 402 750 123 574 419 534 401 897 914 774 179 860 64 183 889 87 421 654 286 951 428 997 203 473 194 191 802 820 869 553 842 909 482 185 150 162 454 196 761 773 30 879 298 845 274 788 91 528 916 495 458 164 626 158 406 538 637 939 599 281 847 261 345 339 998 931 564 393 410 26 570 407 156 327 699 915 875 207 151 586 343 79 355 819 871 694 480 476 558 359 498 697 231 616 552 24 262 967 700 708 139 891 798 129 506 294 217 862 452 687 223 872 947 447 641 375 40 895 576 389 108 762 276 858 815 100 884 509 70 270 692 932 160 33 362 664 525 426 840 756 178 425 325 371 948 532 740 254 259 721 747 10 760 503 279 861 388 291 68 429 960 508 986 765 492 921 627 443 247 500 466 640 334 823 772 319 323 835 686 981 115 9 894 978 974 922 475 867 934 386 545 638 975 484 214 344 659 886 258 394 309 707 52 36 45 234 529 580 127 733 565 803 336 433 368 901 146 930 735 427 949 796 609 804 571 405 549 230 241 257 594 409 563 93 783 342 118 457 989 292 864 546 48 734 17 667 961 418 848 624 994 22 674 200 883 569 900 617 21 198 397 775 973 717 335 859 165 809 955 778 561 190 16 954 39 893 167 432 596 812 272 176 917 66 874 588 669 391 505 971 829 639 852 706 672 161 42 337 395 530 630 510 453 71 102 936 724 906 11 322 904 789 62 55 216 356 177 4 918 308 535 718 979 76 919 474 74 321 584 950 625 168 882 633 849 591 170 181 854 84 959 37 332 850 229 138 12 517 448 314 995 843 696 469 135 424 738 691 430 749 413 437 881 255 976 851 855 632 540 438 824 69 317 111 58 944 333 44 602 660 90 952 488 816 163 645 235 5 98 913 188 940 293 228 548 582 557 865 933 695 263 485 271 96 77 187 834 29 489 957 698 340 143 232 244 173 963 478 793 303 787 491 377 460 330 155 502 935 297 109 99 204 268 513 378 348 600 253 189 608 28 907 72 186 573 233 222 870 759 384 650 797 306 23 757 316 106 560 790 441 878 284 63 365 550 562 78 92 831 993 606 964 826 618 300 266 463 722 34 295 422 366 130 47 512 709 315 811 903 896 629 920 807 885 846 745 516 983 105 120 154 477 53 369 690 982 382 833 399 587 673 682 704 631 943 677 705 60 990 462 604 350 494 446 287 579 736 911 526 166 367 786 423 450 82 623 415 969 169 799 380 59 701 671 593 465 832 536 311 80 353 288 440 290 614 521 456 828 346 923 265 595 554 83 827 649 249 646 780 142 370 31 866 7 728 347 414 387 621 657 663 830 504 524 898 988 225 307 220 136 210 556 404 470 737 527 766 644 226 324 396 730 219 193 853 714 184 132 451 483 559 668 358 720 110 612 607 987 748 133 679 499 585 238 755 810 201 147 436 980 876 301 628 56 601 523 531 703 202 522 661 968 518 844 836 175 126 501 956 924 577 857 144 13 808 589 689 199 360 403
1000
465 283 49 871 104 32 221 918 850 349 242 243 813 630 702 536 339 133 464 222 609 274 786 512 932 889 748 238 359 276 753 6 257 977 466 606 353 921 487 963 555 79 436 145 546 781 85 173 3 139 994 429 768 207 659 447 406 839 202 634 915 978 580 131 385 179 664 615 949 95 751 116 644 876 904 537 722 547 42 491 982 870 639 815 47 265 398 250 534 705 279 980 324 764 70 598 451 882 334 383 305 278 690 5 338 652 199 985 957 193 769 150 701 686 213 72 515 710 611 608 987 329 489 496 959 993 419 855 696 532 64 788 18 698 523 968 828 146 50 335 570 888 396 583 44 138 172 459 656 112 197 707 170 321 762 937 255 886 669 800 616 866 864 685 716 579 591 273 392 153 739 147 48 270 911 742 345 878 66 961 909 318 244 226 414 979 500 660 773 333 552 717 110 363 665 971 151 313 107 711 513 59 361 945 823 678 54 431 493 327 767 360 115 848 550 595 851 997 708 706 7 20 612 252 520 184 573 253 715 248 400 331 908 374 998 763 874 28 588 254 302 11 12 183 692 506 366 230 713 88 966 224 228 240 157 453 33 564 896 503 806 654 650 843 86 811 566 902 432 174 747 449 168 22 410 30 504 102 91 539 872 841 2 380 805 785 724 940 683 731 561 964 962 693 831 695 576 818 917 502 610 241 914 507 101 376 413 789 790 480 720 891 198 454 989 822 732 182 939 798 154 415 903 93 681 328 210 326 122 348 232 743 190 99 140 425 847 105 17 688 624 427 563 749 177 613 601 330 10 772 808 877 37 629 999 761 974 804 29 212 203 927 194 919 367 247 365 723 730 840 925 820 955 234 680 306 446 577 824 284 409 755 100 862 65 571 721 463 942 936 861 169 922 996 782 143 416 87 538 231 832 754 869 617 793 57 787 589 381 275 528 637 307 185 322 397 544 518 127 737 944 757 509 881 336 726 342 452 52 651 208 269 825 736 718 43 482 704 633 826 460 827 621 801 691 377 56 941 272 906 97 428 256 314 854 965 836 780 148 441 884 521 388 19 1 35 792 640 519 920 586 527 735 658 899 875 560 814 587 310 559 437 799 812 834 679 39 522 123 830 80 842 209 597 655 124 584 873 846 187 511 300 260 277 973 246 304 752 423 970 501 24 201 603 117 956 929 418 469 225 462 488 135 725 631 530 472 411 671 526 558 130 643 89 995 16 76 399 280 756 883 618 626 417 578 45 78 797 766 215 933 191 760 930 41 802 835 531 481 477 291 727 343 258 791 267 668 990 984 141 386 620 227 928 817 297 378 545 166 63 926 699 144 497 924 471 479 239 408 746 167 816 934 625 216 628 494 96 879 950 347 923 514 860 794 36 868 120 21 301 119 223 346 779 68 161 404 542 661 572 443 687 728 341 594 543 988 596 354 14 525 741 439 60 776 894 412 865 83 468 712 953 533 73 900 745 859 777 719 263 430 106 807 262 495 149 880 474 55 188 619 740 738 67 195 729 901 567 159 981 529 948 892 895 858 969 992 206 486 375 325 916 289 893 164 114 622 340 890 103 445 245 294 697 296 129 694 134 582 810 113 15 907 438 90 220 152 219 938 118 200 641 249 910 229 165 192 435 649 311 387 77 368 287 524 426 562 623 666 369 290 317 853 833 473 434 420 663 171 662 632 176 332 795 646 590 271 27 344 867 71 508 31 402 382 540 422 931 852 553 356 155 236 94 838 549 211 53 111 783 1000 350 189 983 796 635 648 897 614 458 46 395 770 972 286 23 407 132 308 309 565 467 405 605 744 775 548 320 483 160 444 556 943 358 285 261 653 351 856 700 266 484 13 478 84 592 575 298 946 372 976 316 205 379 433 440 442 137 837 490 295 401 734 485 557 457 829 765 58 370 282 492 264 960 991 499 337 214 912 9 217 759 733 455 128 809 885 675 647 604 391 384 905 163 638 162 750 607 403 82 4 281 498 237 476 74 352 178 599 657 424 98 541 461 857 158 954 142 26 689 312 673 684 636 674 259 778 952 475 645 667 268 323 75 863 450 703 233 181 714 175 849 975 303 61 682 299 8 364 470 38 393 602 585 371 581 362 574 517 554 758 25 551 593 986 390 156 709 319 288 448 389 803 421 204 819 958 672 69 600 967 898 642 887 373 516 109 947 125 844 180 293 40 292 456 251 951 136 676 510 196 784 505 357 913 821 34 62 186 92 670 81 774 569 108 935 121 627 315 568 845 677 126 51 535 394 218 235 355 771
1
1
41
1 2 3 36 31 6 7 8 9 10 11 12 26 14 15 16 40 18 19 20 21 22 23 37 4 13 5 28 30 27 17 32 24 34 35 29 33 25 39 38 41
35
1 2 3 10 5 6 31 8 9 4 11 12 13 14 15 21 17 18 19 20 34 24 23 16 25 26 27 28 29 30 7 32 33 22 35
25
1 21 3 4 10 6 5 8 9 2 11 12 13 14 15 16 17 18 23 20 7 22 19 24 25
14
8 2 3 4 5 6 7 13 9 10 11 12 14 1
19
1 3 9 10 8 15 14 17 2 13 12 11 6 16 5 19 18 7 4
26
4 2 3 15 5 6 7 8 9 10 22 12 13 14 1 16 17 18 19 20 21 11 23 24 25 26
1000
907 565 462 335 909 42 991 481 271 2 974 759 77 171 788 353 234 170 485 718 69 468 644 911 20 141 724 76 602 291 190 427 108 533 432 459 967 765 899 345 215 536 740 984 845 958 932 947 222 564 341 476 795 313 691 203 949 298 365 330 953 453 500 87 115 714 525 423 166 384 570 616 777 48 585 966 540 136 551 63 717 372 546 483 903 611 908 968 601 230 633 401 851 846 652 301 181 690 473 910 280 595 380 574 53 46 117 906 331 393 364 184 600 841 651 548 95 834 735 612 529 267 720 465 210 388 587 696 343 162 789 173 145 791 559 164 338 45 670 31 941 260 879 890 258 985 773 792 694 542 195 562 243 806 523 295 836 29 416 475 363 560 123 509 229 94 405 403 849 355 198 730 478 116 369 808 528 503 332 378 413 614 402 443 558 814 769 269 870 240 376 168 310 754 516 434 321 588 627 755 799 472 747 900 464 10 499 823 731 264 605 466 276 917 88 684 625 780 351 758 864 415 508 852 389 182 869 648 944 15 980 484 450 72 249 135 314 394 707 382 307 381 685 594 323 311 33 563 606 440 28 157 121 439 830 84 81 659 75 745 163 681 85 635 888 113 626 124 232 325 937 418 514 711 573 366 576 105 317 160 960 52 421 904 532 872 270 139 125 994 549 199 104 143 96 557 919 467 510 617 5 825 322 273 610 586 4 956 597 266 891 915 671 502 981 482 257 716 392 65 293 461 643 142 641 554 757 624 579 734 140 292 479 674 78 241 25 367 965 101 831 337 929 705 543 126 236 68 357 955 225 839 778 196 513 261 538 783 470 149 54 817 19 654 760 26 274 692 770 107 197 868 703 572 675 772 49 871 819 988 153 584 767 676 550 884 987 999 16 650 410 118 689 128 431 936 178 860 842 133 973 833 653 517 748 217 262 189 248 501 545 934 921 962 858 702 282 607 192 531 631 810 515 847 66 185 938 132 34 976 21 221 583 489 946 945 844 970 928 191 561 679 263 812 786 658 897 487 990 407 361 339 336 824 803 742 993 59 920 486 826 683 39 308 131 762 620 881 797 655 639 661 397 119 284 255 265 417 971 371 50 636 677 491 194 474 460 645 726 3 328 749 411 114 992 615 657 147 581 983 244 228 649 32 302 964 995 214 637 939 940 100 771 70 165 736 172 556 856 972 950 665 56 469 422 375 715 231 901 744 750 14 916 880 822 796 527 853 103 942 13 889 837 504 71 290 998 176 43 537 471 24 732 38 794 391 356 297 98 425 206 320 490 719 986 386 223 547 737 447 47 603 35 409 687 127 348 623 245 346 779 250 838 568 840 86 878 521 663 896 752 279 316 813 544 497 682 698 660 763 7 122 285 495 219 312 893 442 673 158 350 518 577 785 935 488 741 426 6 930 613 55 315 212 961 109 238 784 802 237 552 835 630 51 73 370 12 41 918 347 913 604 598 177 632 97 811 202 408 253 309 656 283 57 390 319 99 593 506 204 526 519 596 922 943 989 647 790 44 589 167 60 449 30 768 383 801 816 452 505 180 924 710 152 815 861 83 281 781 218 805 1000 174 776 686 154 733 216 535 454 179 209 520 569 704 877 406 952 80 137 138 446 18 9 436 22 821 272 259 412 324 925 435 873 874 739 252 662 396 334 982 379 608 437 256 666 640 729 827 36 106 58 539 951 807 522 975 979 996 863 895 247 619 277 969 753 451 148 399 902 211 887 360 804 865 342 571 954 582 424 387 713 957 208 567 680 709 67 354 201 349 927 207 395 186 37 227 441 430 268 188 693 886 64 368 646 224 377 855 866 374 289 923 400 977 288 23 93 156 914 159 428 300 27 875 798 746 580 828 862 169 885 151 296 642 492 575 79 787 701 344 688 867 820 723 74 832 854 638 699 669 359 358 89 17 318 775 678 882 721 102 667 512 761 326 456 695 463 800 246 592 294 829 697 948 728 668 848 708 793 213 876 498 507 146 818 155 304 722 511 112 894 362 664 352 725 530 494 493 433 1 727 843 329 541 618 782 110 912 629 129 419 448 766 438 850 455 251 404 997 385 809 477 712 859 200 672 150 756 303 534 161 555 220 496 205 959 373 130 883 305 327 963 82 11 61 333 751 134 420 144 524 90 978 242 239 933 898 235 553 8 278 706 622 414 120 306 599 193 444 183 590 457 286 340 91 634 111 299 738 458 480 445 187 700 92 40 931 628 226 429 175 591 892 743 621 398 764 857 275 254 233 566 926 774 287 609 62 905 578
34
1 2 3 23 29 6 7 8 26 31 25 5 27 14 16 22 32 18 19 17 4 20 21 24 15 10 12 28 9 30 13 11 33 34
25
1 9 19 4 5 8 2 15 22 10 3 12 17 24 13 11 18 7 16 20 6 21 14 23 25
25
1 2 3 4 5 6 25 8 15 23 11 12 10 14 7 16 17 18 19 20 21 22 13 24 9
998
199 27 346 613 337 275 944 51 752 430 266 836 416 287 576 830 940 938 756 527 534 850 696 887 992 338 612 680 659 586 392 951 268 806 18 73 864 727 704 23 758 261 101 658 97 276 258 492 24 232 307 388 116 34 553 828 406 928 931 188 12 52 818 191 382 376 870 930 685 165 78 682 620 689 316 325 962 352 155 207 143 343 304 536 82 351 661 692 336 971 580 133 55 162 555 871 85 585 851 741 365 362 80 227 10 399 923 907 161 814 548 628 605 299 127 640 442 789 551 340 713 780 799 48 791 895 81 195 899 826 568 779 77 901 334 313 993 414 375 843 470 719 672 894 463 592 943 421 807 462 235 50 164 75 566 86 233 634 874 432 904 979 815 19 349 751 986 354 641 597 651 952 467 840 260 657 14 490 105 466 817 572 425 650 793 29 62 855 533 775 544 308 477 420 701 857 108 706 395 21 865 919 684 64 531 909 916 61 59 381 935 730 838 412 653 523 288 449 784 777 835 578 15 520 883 831 125 744 960 330 237 271 800 482 136 174 917 745 47 292 715 373 506 787 265 845 250 942 103 385 123 278 39 393 545 257 560 521 427 898 524 479 675 146 693 957 891 407 656 989 609 194 394 91 596 1 569 380 408 253 754 9 8 607 792 697 571 945 434 834 892 134 970 417 458 776 996 769 936 140 976 866 683 966 389 968 599 274 514 762 913 540 138 604 157 764 22 94 867 378 670 988 512 746 508 243 498 761 49 918 698 269 954 99 286 547 53 541 218 71 499 300 629 889 114 344 323 272 717 222 200 30 858 40 478 906 319 159 995 946 563 557 718 314 488 473 740 947 429 223 166 404 702 426 7 315 259 738 583 972 688 973 809 137 950 932 844 333 584 716 366 486 369 264 37 998 595 70 554 964 878 842 196 54 289 92 810 757 374 115 76 460 896 593 877 825 939 96 228 803 854 154 922 273 726 781 893 622 495 118 310 185 663 41 390 924 686 619 87 725 759 339 802 955 505 562 160 327 245 454 888 994 691 790 100 312 639 646 444 897 669 72 436 991 104 480 666 128 252 183 459 36 170 251 824 552 771 186 169 734 145 423 766 724 331 827 497 903 742 905 150 822 240 198 732 530 638 230 910 431 816 326 280 647 246 284 773 977 241 208 46 384 668 631 363 618 342 526 193 615 760 588 747 383 468 881 355 823 291 216 189 794 515 852 345 876 469 679 359 975 67 567 667 347 69 528 532 937 681 983 513 419 120 63 83 539 660 476 997 279 748 452 565 873 941 601 882 126 573 210 510 985 79 239 6 786 912 179 461 934 90 441 581 88 309 451 606 655 205 301 33 220 2 963 282 522 911 575 231 182 603 197 841 847 614 122 511 66 984 379 377 678 788 153 885 229 559 348 474 371 483 386 142 111 496 485 32 173 158 839 550 859 518 60 156 370 862 654 805 403 811 440 863 5 902 699 804 356 920 591 163 95 819 113 413 535 303 856 965 25 110 58 398 353 783 387 190 283 714 172 517 130 626 107 875 712 707 167 201 600 117 424 435 396 967 708 929 296 329 890 980 298 481 297 798 238 915 17 112 129 914 700 849 494 739 405 837 204 445 590 558 579 295 209 829 290 774 703 324 433 411 671 636 106 961 969 263 56 402 860 958 537 665 872 450 335 652 617 471 270 484 226 509 602 869 187 723 293 367 42 144 632 694 549 175 687 948 813 491 978 109 886 65 861 89 982 212 214 610 949 710 808 148 453 350 437 447 224 981 987 611 68 149 664 328 574 102 221 546 587 277 577 332 709 705 959 236 28 879 695 765 322 974 621 20 848 690 642 244 608 311 598 93 921 721 84 361 589 446 409 908 736 211 733 472 833 448 438 880 797 753 306 868 674 302 853 645 525 820 124 772 778 234 627 846 543 131 503 358 341 418 500 119 542 368 178 755 43 35 262 561 203 594 456 192 933 516 812 219 135 722 152 501 768 31 785 180 254 285 321 925 763 206 443 305 422 248 320 623 57 215 168 151 782 202 795 556 249 900 570 13 504 16 318 357 139 410 44 729 801 38 400 364 643 45 493 171 184 256 731 11 176 956 397 121 625 401 213 255 177 360 737 489 529 749 217 267 415 767 616 487 391 98 673 677 821 630 720 953 582 475 141 648 4 464 735 132 247 242 564 74 990 439 770 711 644 372 507 317 927 649 519 796 457 743 181 884 294 502 455 728 428 635 750 225 26 662 676 3 147 624 926 633 465 637 281 538 832
39
28 2 4 10 5 20 23 11 21 22 15 27 18 6 3 37 14 19 36 25 38 8 13 26 12 24 7 17 29 30 39 16 33 34 35 31 32 9 1
998
725 183 523 771 660 347 846 176 751 434 14 315 436 902 458 228 840 85 170 545 973 830 93 217 225 687 305 954 868 466 659 15 506 894 775 541 394 852 306 157 301 311 884 359 913 984 431 680 962 728 256 393 24 561 778 247 828 949 289 298 649 84 279 832 918 597 275 278 400 910 874 951 716 588 350 652 738 36 638 987 870 61 313 974 474 976 101 78 274 731 254 195 224 560 318 495 484 266 175 668 39 299 565 199 993 22 980 772 442 996 896 991 243 221 397 800 270 80 308 667 704 625 11 586 297 509 138 750 653 44 623 525 626 132 470 535 577 686 57 857 413 71 723 897 702 989 493 481 637 932 5 837 791 856 963 943 979 358 562 842 378 628 880 925 82 679 850 898 139 938 883 845 699 296 988 375 514 593 102 700 451 651 211 694 341 936 227 346 353 829 480 7 797 639 58 960 360 259 68 718 48 158 794 919 476 553 598 531 770 849 385 799 617 356 368 452 742 62 35 706 326 769 599 647 698 478 644 187 692 421 419 682 267 789 661 643 357 10 498 596 246 521 100 952 795 348 928 912 149 752 252 907 833 734 606 953 858 328 136 515 827 127 492 975 836 542 235 613 508 373 879 664 634 590 162 732 670 88 361 114 579 191 847 505 546 137 282 447 786 334 75 610 809 337 937 855 201 129 970 982 735 264 405 312 575 112 403 295 645 708 17 444 815 448 485 288 559 503 251 450 390 198 831 641 239 972 583 568 518 210 604 156 862 445 352 20 381 74 260 95 150 940 594 861 47 218 77 585 747 166 106 790 537 662 94 143 665 922 461 573 900 739 835 155 683 746 86 90 414 486 208 384 556 685 107 380 307 60 737 25 958 76 467 362 633 19 443 215 2 382 56 527 906 257 351 386 619 38 733 52 548 109 806 128 608 188 96 330 174 558 567 459 529 29 893 777 178 666 600 673 544 475 9 159 23 584 587 744 729 497 901 784 609 656 675 655 589 875 591 582 79 453 788 947 690 59 33 163 51 271 242 823 469 180 961 304 293 942 67 338 538 825 499 519 715 223 460 336 471 441 627 424 280 997 743 250 111 838 98 226 696 873 160 968 620 322 477 87 871 231 115 144 42 756 773 439 803 956 194 309 244 767 396 705 54 1 924 555 657 557 539 455 994 929 171 489 603 914 487 959 712 677 438 284 816 981 741 543 595 821 302 340 754 404 92 671 186 172 430 53 440 995 781 27 248 236 468 663 379 931 269 189 550 802 892 864 388 184 339 168 310 866 206 748 110 416 402 245 843 605 237 417 695 30 126 81 654 711 693 566 540 230 941 12 612 45 117 233 946 824 749 512 819 817 717 808 407 408 547 321 753 374 203 950 844 167 826 391 726 948 998 412 140 331 204 810 983 533 3 674 238 908 872 622 642 219 222 240 869 814 411 779 502 736 532 530 335 646 904 410 834 142 276 433 720 703 724 425 145 220 165 272 776 364 722 618 205 291 507 4 494 490 762 398 121 91 66 851 926 152 554 249 920 63 615 939 146 420 113 173 520 435 986 887 387 202 528 241 691 719 916 813 18 688 571 401 141 429 631 848 549 427 713 629 332 418 572 209 320 945 212 164 853 524 640 28 200 759 551 181 177 319 40 422 97 895 294 760 72 253 881 73 55 909 807 876 921 41 676 636 863 496 345 124 964 343 456 372 934 526 161 151 886 355 389 185 229 399 214 798 327 392 890 818 196 428 513 285 681 371 534 262 782 763 70 273 957 672 207 437 755 796 103 329 255 511 216 415 768 992 616 905 281 944 125 780 517 133 105 632 349 783 820 265 878 365 130 32 482 148 766 120 709 292 935 710 812 966 911 576 483 967 123 601 119 885 570 574 31 990 563 614 707 462 268 325 877 263 472 811 108 316 314 6 457 344 69 580 903 342 197 83 21 16 366 122 757 774 516 504 965 867 978 927 473 678 99 432 169 564 464 258 888 26 323 193 324 104 377 406 650 592 154 860 234 232 426 669 395 805 740 333 446 727 804 745 510 854 730 49 955 286 8 37 300 697 116 190 841 889 765 303 370 658 581 915 701 630 65 363 449 933 801 714 624 793 822 536 46 409 602 488 479 283 578 50 761 764 213 985 971 689 859 977 891 621 376 522 153 969 792 182 635 290 369 13 423 721 552 923 930 917 501 785 131 491 277 34 465 383 147 454 882 261 367 287 500 43 611 192 787 354 134 569 317 463 839 135 758 179 118 865 684 64 607 89 648 899
26
1 15 3 4 5 6 7 8 20 10 12 21 13 14 24 9 17 18 19 2 16 22 11 23 25 26
999
1 2 3 4 5 6 7 8 9 10 11 12 13 14 15 16 17 18 19 20 21 22 23 24 25 26 27 28 29 30 31 32 33 34 35 36 37 38 39 40 41 42 43 44 45 46 47 48 49 50 51 52 53 54 55 56 57 58 59 60 61 62 63 64 65 66 67 68 69 70 71 72 73 74 75 76 77 78 79 80 81 82 83 84 85 86 87 88 89 90 91 92 93 94 95 96 97 98 99 100 101 102 103 104 105 106 107 108 109 110 111 112 113 114 115 116 117 118 119 120 121 122 123 124 125 126 127 128 129 130 131 132 133 134 135 136 137 138 139 140 141 142 143 144 145 146 147 148 149 150 151 152 153 154 155 156 157 158 159 160 161 162 163 164 165 166 167 168 169 170 171 172 173 174 175 176 177 178 179 180 181 182 183 184 185 186 187 188 189 190 191 192 193 194 195 196 197 198 199 200 201 202 203 204 205 206 207 208 209 210 211 212 213 214 215 216 217 218 219 220 221 222 223 224 225 226 227 228 229 230 231 232 233 234 235 236 237 238 239 240 241 242 243 244 245 246 247 248 249 250 251 252 253 254 255 256 257 258 259 260 261 262 263 264 265 266 267 268 269 270 271 272 273 274 275 276 277 278 279 280 281 282 283 284 285 286 287 288 289 290 291 292 293 294 295 296 297 298 299 300 301 302 303 304 305 306 307 308 309 310 311 312 313 314 315 316 317 318 319 320 321 322 323 324 325 326 327 328 329 330 331 332 333 334 335 336 337 338 339 340 341 342 343 344 345 346 347 348 349 350 351 352 353 354 355 356 357 358 359 360 361 362 363 364 365 366 367 368 369 370 371 372 373 374 375 376 377 378 379 380 381 382 383 384 385 386 387 388 389 390 391 392 393 394 395 396 397 398 399 400 401 402 403 404 405 406 407 408 409 410 411 412 413 414 415 416 417 418 419 420 421 422 423 424 425 426 427 428 429 430 431 432 433 434 435 436 437 438 439 440 441 442 443 444 445 446 447 448 449 450 451 452 453 454 455 456 457 458 459 460 461 462 463 464 465 466 467 468 469 470 471 472 473 474 475 476 477 478 479 480 481 482 483 484 485 486 487 488 489 490 491 492 493 494 495 496 497 498 499 500 501 502 503 504 505 506 507 508 509 510 511 512 513 514 515 516 517 518 519 520 521 522 523 524 525 526 527 528 529 530 531 532 533 534 535 536 537 538 539 540 541 542 543 544 545 546 547 548 549 550 551 552 553 554 555 556 557 558 559 560 561 562 563 564 565 566 567 568 569 570 571 572 573 574 575 576 577 578 579 580 581 582 583 584 585 586 587 588 589 590 591 592 593 594 595 596 597 598 599 600 601 602 603 604 605 606 607 608 609 610 611 612 613 614 615 616 617 618 619 620 621 622 623 624 625 626 627 628 629 630 631 632 633 634 635 636 637 638 639 640 641 642 643 644 645 646 647 648 649 650 651 652 653 654 655 656 657 658 659 660 661 662 663 664 665 666 667 668 669 670 671 672 673 674 675 676 677 678 679 680 681 682 683 684 685 686 687 688 689 690 691 692 693 694 695 696 697 698 699 700 701 702 703 704 705 706 707 708 709 710 711 712 713 714 715 716 717 718 719 720 721 722 723 724 725 726 727 728 729 730 731 732 733 734 735 736 737 738 739 740 741 742 743 744 745 746 747 748 749 750 751 752 753 754 755 756 757 758 759 760 761 762 763 764 765 766 767 768 769 770 771 772 773 774 775 776 777 778 779 780 781 782 783 784 785 786 787 788 789 790 791 792 793 794 795 796 797 798 799 800 801 802 803 804 805 806 807 808 809 810 811 812 813 814 815 816 817 818 819 820 821 822 823 824 825 826 827 828 829 830 831 832 833 834 835 836 837 838 839 840 841 842 843 844 845 846 847 848 849 850 851 852 853 854 855 856 857 858 859 860 861 862 863 864 865 866 867 868 869 870 871 872 873 874 875 876 877 878 879 880 881 882 883 884 885 886 887 888 889 890 891 892 893 894 895 896 897 898 899 900 901 902 903 904 905 906 907 908 909 910 911 912 913 914 915 916 917 918 919 920 921 922 923 924 925 926 927 928 929 930 931 932 933 934 935 936 937 938 939 940 941 942 943 944 945 946 947 948 949 950 951 952 953 954 955 956 957 958 959 960 961 962 963 964 965 966 967 968 969 970 971 972 973 974 975 976 977 978 979 980 981 982 983 984 985 986 987 988 989 990 991 992 993 994 995 996 997 998 999
28
5 1 2 3 8 18 23 9 14 19 11 26 15 25 10 13 17 21 7 16 20 4 22 28 6 12 27 24
997
1 2 3 4 5 6 7 8 9 10 11 12 13 14 15 16 17 18 19 20 21 22 23 24 25 26 27 28 29 30 31 32 33 34 35 36 37 38 39 40 41 42 43 44 314 46 47 48 49 50 51 52 53 54 55 56 57 58 59 60 61 62 63 64 65 66 823 68 69 70 71 72 73 74 75 76 77 78 79 80 81 82 83 84 85 86 87 88 89 90 91 92 93 94 95 96 97 98 99 100 101 102 103 104 105 106 107 108 109 110 111 112 113 114 115 116 117 118 119 120 121 122 123 124 125 126 127 128 129 130 131 132 133 134 135 136 137 138 139 140 141 142 143 144 145 146 147 148 149 150 151 152 153 154 155 156 157 158 159 160 161 162 163 164 165 166 167 168 169 170 171 172 173 174 175 176 177 178 419 180 181 182 183 184 185 186 187 188 189 190 191 192 193 194 195 196 197 198 199 200 201 202 203 204 205 572 207 208 209 210 211 212 213 214 215 216 217 218 878 220 221 222 223 224 902 226 227 228 229 695 231 232 233 234 235 236 237 238 239 240 241 242 243 244 245 246 247 248 249 250 251 252 253 254 255 256 257 258 259 260 261 262 263 264 265 266 267 268 269 270 271 272 273 274 275 276 277 278 279 280 281 282 283 284 285 286 287 288 289 290 291 292 293 294 295 296 297 298 299 300 301 302 303 304 305 306 307 308 309 310 311 312 313 365 315 316 317 318 319 320 321 683 323 324 325 326 179 328 329 330 331 332 333 334 335 336 337 338 339 340 341 342 343 344 345 346 347 348 349 350 351 352 353 354 355 356 357 358 359 360 361 362 363 364 439 366 367 368 369 370 371 372 373 374 375 376 377 378 379 380 381 382 383 384 385 386 387 388 389 390 391 392 393 394 983 396 397 398 399 400 401 402 403 404 405 406 407 408 409 410 411 412 413 414 415 416 417 418 774 420 421 422 423 424 425 426 427 428 429 430 431 432 433 434 435 436 437 438 225 440 441 442 443 444 445 446 447 448 449 450 451 452 453 454 455 456 457 458 459 460 461 462 463 464 465 466 467 468 469 470 471 472 473 474 475 476 477 478 479 480 481 482 483 484 485 486 487 488 489 490 491 492 493 494 495 496 497 498 499 500 501 502 503 504 505 506 507 508 509 510 511 512 513 514 515 516 517 518 519 520 521 522 523 524 525 526 527 528 529 530 531 532 533 534 535 536 537 538 539 540 541 542 543 544 545 546 547 548 549 550 551 552 553 554 555 556 557 558 559 560 561 562 563 564 565 566 567 568 569 570 571 230 573 574 575 576 577 578 579 580 581 582 583 584 585 586 587 588 589 590 591 592 593 594 595 596 597 598 599 600 601 602 603 604 605 606 607 608 609 610 611 612 613 614 615 616 617 618 619 620 621 622 623 955 625 626 627 628 629 630 631 632 633 634 635 636 637 638 639 640 641 642 643 644 645 646 647 648 649 650 651 652 653 654 655 656 657 658 659 660 327 662 663 664 665 666 667 668 669 670 671 672 673 674 675 676 677 678 679 680 681 682 831 684 685 686 687 688 689 690 691 692 693 694 395 696 697 698 699 700 701 702 703 661 705 706 707 708 709 710 711 712 713 322 715 716 717 718 719 720 721 722 723 724 725 726 727 728 729 730 731 732 733 734 735 736 737 738 739 740 741 742 743 744 745 746 747 748 749 750 751 752 753 754 755 756 757 758 759 760 761 762 763 764 765 766 767 768 769 770 771 772 773 921 775 776 777 778 779 780 781 782 783 784 785 786 787 788 789 790 791 792 793 794 795 796 797 798 799 800 801 802 803 804 805 806 807 808 809 810 811 812 813 814 815 816 817 818 819 820 821 822 624 824 825 826 827 828 829 830 979 832 833 834 835 836 837 838 839 840 841 842 843 844 845 846 847 848 849 850 851 852 853 854 855 856 857 858 859 860 861 862 863 864 865 866 867 868 869 870 871 872 873 874 875 876 877 67 879 880 881 882 883 884 885 886 887 888 889 890 891 892 893 894 895 896 897 898 899 900 901 206 903 904 905 906 907 908 909 910 911 912 913 914 915 916 917 918 919 920 219 922 923 924 925 926 927 928 929 930 931 932 933 934 935 936 937 938 939 940 941 942 943 944 945 946 947 948 949 950 951 952 953 954 45 956 957 958 959 960 961 962 963 964 965 966 967 968 969 970 971 972 973 974 975 976 977 978 714 980 981 982 704 984 985 986 987 988 989 990 991 992 993 994 995 996 997
2
2 1
2
1 2
999
166 335 883 565 215 250 944 360 1 635 327 598 32 63 588 487 302 939 701 763 554 834 287 887 193 98 380 684 925 121 134 461 99 442 177 633 552 260 521 464 755 495 62 802 746 607 510 760 926 126 248 561 92 668 435 785 76 609 723 809 272 413 688 399 224 764 484 331 268 408 513 379 916 729 996 18 82 493 201 162 945 888 133 315 329 122 758 45 715 999 831 289 975 206 597 985 89 67 619 655 178 942 674 365 886 770 519 211 556 362 290 19 903 780 744 889 332 429 12 716 717 872 612 854 793 890 165 103 216 2 416 132 294 47 358 697 822 953 528 595 704 626 437 972 440 322 280 421 264 708 920 33 297 55 862 974 202 13 840 27 402 352 613 295 396 160 8 559 505 7 906 979 591 204 657 318 80 967 146 83 43 837 639 870 3 852 830 726 175 814 194 129 65 455 431 37 659 583 184 158 35 366 185 198 679 69 955 393 568 797 147 550 904 827 90 285 798 319 340 643 279 970 891 737 373 548 664 411 258 114 254 120 516 74 995 492 28 566 61 144 644 567 927 351 628 937 79 847 816 232 96 962 131 863 491 977 950 623 801 538 174 50 452 478 933 637 759 453 905 234 66 10 197 385 608 946 687 761 589 569 714 149 991 803 188 661 766 558 508 634 398 846 251 266 306 71 789 293 848 451 603 415 275 252 93 199 500 990 856 605 727 630 850 885 238 751 792 60 406 303 720 691 936 732 539 88 472 530 859 441 989 599 745 663 424 112 350 488 640 855 4 878 167 371 642 109 407 502 582 127 542 911 348 139 908 458 361 29 480 524 447 514 53 309 617 439 459 576 828 734 359 988 338 808 783 844 414 656 722 896 236 242 241 301 611 779 523 417 874 614 526 225 141 56 490 70 288 243 632 818 917 497 36 320 698 881 123 246 116 544 87 222 718 15 244 229 647 832 563 64 541 929 311 511 247 711 980 534 724 638 313 959 219 849 973 20 800 685 102 58 481 235 100 40 914 931 947 310 721 427 765 678 44 549 467 799 108 879 46 231 833 420 117 522 422 676 880 282 9 137 25 829 221 355 489 263 845 557 820 463 138 195 826 410 328 533 392 426 754 397 180 963 476 851 334 602 762 412 752 574 284 748 705 781 190 84 593 686 616 712 344 425 347 738 525 515 912 740 819 26 658 73 142 52 932 750 299 345 665 14 135 343 790 209 509 391 584 237 587 274 787 572 390 622 154 873 249 815 757 922 376 909 454 498 981 153 156 210 460 604 532 474 389 168 86 292 699 951 919 841 546 641 367 140 265 621 806 753 300 543 169 871 671 228 30 842 269 85 654 586 382 388 997 104 915 943 375 438 203 788 106 462 938 386 709 325 214 895 189 733 346 296 205 776 482 312 23 652 998 105 11 130 778 483 987 159 230 892 363 283 38 954 253 857 921 966 898 333 796 961 128 182 94 860 207 267 377 677 625 321 773 983 742 810 646 901 115 255 22 434 233 571 866 934 649 520 369 378 433 940 356 161 419 578 666 730 423 286 631 125 596 968 692 518 21 59 450 136 113 807 682 667 627 445 964 984 527 342 861 262 471 869 506 825 636 430 316 804 992 935 364 821 581 368 151 893 952 728 384 675 696 690 670 39 298 969 579 660 124 545 394 706 536 673 853 681 305 838 531 650 34 278 573 485 843 49 212 590 208 864 618 449 791 97 865 813 620 507 769 580 496 91 535 923 41 196 239 173 170 187 171 775 24 444 606 958 218 157 77 323 811 475 107 465 551 339 928 477 404 713 669 353 560 448 446 271 186 902 747 736 823 16 794 259 276 725 918 503 771 245 213 304 191 537 868 570 5 95 42 949 743 777 257 281 575 739 784 101 387 291 486 6 653 735 540 48 683 372 877 971 432 110 512 756 547 615 978 428 948 314 577 143 774 564 645 192 256 227 118 694 400 731 226 693 610 710 749 240 772 341 418 982 326 629 499 383 767 179 648 354 370 494 795 330 601 75 457 900 374 689 782 592 707 957 155 336 57 876 217 562 624 529 836 835 220 875 695 651 68 719 17 600 403 349 273 164 409 381 145 150 468 307 858 965 436 672 894 824 817 261 81 337 899 78 357 163 741 456 913 680 897 176 470 882 956 148 662 910 504 152 812 993 119 443 501 172 517 72 930 700 594 324 401 51 703 768 884 702 924 994 317 479 555 200 553 111 277 395 181 805 960 405 976 786 308 941 223 54 986 270 907 469 183 473 466 585 31 839 867
998
693 691 103 193 489 135 744 331 891 546 481 240 279 533 771 687 897 352 357 223 109 562 497 130 505 453 420 905 721 191 898 504 698 921 521 819 364 742 47 338 524 653 663 714 452 419 39 591 909 896 134 837 514 462 335 232 487 749 975 599 893 727 112 188 290 242 247 677 414 992 342 541 845 944 697 890 255 702 692 97 922 446 658 792 776 729 574 668 926 238 571 199 201 463 457 146 80 868 216 485 566 200 3 494 395 233 936 508 21 281 606 63 608 585 670 849 899 682 830 766 662 726 929 696 516 722 295 996 706 24 518 317 764 51 6 139 184 512 136 397 557 431 885 609 552 96 797 169 483 559 354 502 476 737 967 782 254 183 217 789 371 555 269 309 186 363 810 472 148 448 970 373 337 800 699 423 482 873 913 440 616 613 158 137 865 165 278 64 492 958 30 230 4 224 962 733 826 435 92 102 93 639 234 615 664 703 915 368 611 684 568 327 910 325 409 99 159 385 633 564 705 822 20 194 982 774 983 728 820 192 291 56 106 203 659 488 824 90 576 12 942 66 872 277 565 294 67 386 306 987 756 563 471 157 77 581 299 672 316 425 493 946 878 584 935 908 679 537 163 735 617 881 931 298 436 746 244 187 13 814 110 340 432 747 793 758 870 781 445 65 231 304 818 246 127 614 772 274 257 700 328 377 413 292 923 249 637 550 164 853 507 917 343 496 347 259 132 506 823 719 583 330 490 362 214 570 212 301 536 322 8 869 595 630 55 522 173 40 384 282 422 71 313 903 590 985 315 827 660 863 848 18 979 151 642 469 19 841 443 410 586 324 166 37 857 464 645 208 755 750 161 920 172 551 543 748 302 704 754 511 455 840 686 339 218 248 950 401 456 478 718 876 745 806 105 839 140 623 486 834 388 626 904 716 980 860 636 560 215 360 937 741 303 69 994 683 947 964 46 27 723 341 176 808 260 836 825 911 580 473 142 283 888 655 198 275 600 784 833 180 638 624 359 790 289 82 549 170 843 532 901 45 26 989 381 389 95 515 918 811 681 54 94 366 627 604 864 667 356 665 253 168 430 513 874 153 973 390 544 588 11 177 149 907 100 399 57 236 5 323 924 189 261 104 828 314 23 974 875 603 902 152 701 32 25 318 311 108 643 761 380 138 474 53 458 125 602 131 601 573 35 336 561 41 526 525 932 724 592 607 906 450 14 572 816 329 268 889 558 738 72 732 375 479 644 10 925 796 447 308 374 145 587 832 162 956 141 539 150 408 523 22 252 220 245 101 991 211 725 326 91 534 520 87 847 239 856 740 730 429 256 720 321 264 114 361 553 480 654 345 48 529 618 998 333 795 835 883 60 437 519 517 500 466 919 111 530 113 144 963 209 619 182 296 204 181 271 593 612 877 961 852 398 442 867 402 465 773 676 334 940 762 219 914 734 407 307 441 202 673 767 355 509 545 367 981 694 739 760 787 778 955 42 589 434 995 690 83 235 349 775 121 43 205 470 715 468 88 688 115 854 258 640 815 689 629 68 943 267 972 461 118 416 210 993 383 16 669 675 657 2 79 1 647 846 124 75 33 175 300 503 78 206 378 221 129 966 971 807 949 951 959 817 44 666 404 894 391 320 582 29 126 421 528 569 122 62 228 86 579 851 542 196 635 270 895 154 540 648 578 412 38 978 7 393 276 284 376 58 370 785 813 879 379 369 251 805 286 986 649 510 632 871 133 779 120 641 948 884 968 15 297 628 226 661 85 838 651 765 844 288 156 801 438 751 900 650 850 160 444 912 84 285 882 596 548 147 941 976 174 783 861 855 892 757 394 709 424 927 167 460 829 752 280 674 535 713 293 36 229 928 222 319 237 427 197 348 495 812 119 957 554 439 400 597 426 52 777 396 382 358 960 449 780 73 695 575 351 116 788 731 622 310 671 803 577 365 969 933 406 802 977 350 467 185 886 625 98 332 287 763 243 178 475 499 392 620 263 753 945 272 794 598 769 143 866 954 433 538 76 9 804 61 717 736 50 17 31 117 786 451 501 344 403 28 531 484 266 49 213 428 791 179 634 207 938 312 459 605 372 34 81 305 491 547 89 809 821 123 934 273 527 859 930 265 107 411 916 988 631 798 241 678 74 880 262 417 768 710 387 711 997 965 887 652 556 831 190 712 842 621 195 610 418 953 707 155 770 858 171 708 680 477 498 59 799 862 743 353 405 646 225 227 990 346 759 250 939 454 984 567 70 685 415 656 128 952 594
28
1 2 14 27 17 13 4 8 9 28 10 12 20 26 6 15 7 5 3 11 23 19 24 22 25 18 16 21
50
27 2 3 4 5 22 7 8 18 31 11 23 37 9 15 16 17 14 19 20 39 6 21 24 25 26 33 28 29 30 12 32 41 34 13 36 1 38 35 40 48 42 43 44 45 46 47 10 49 50
2
2 1
39
1 36 2 32 5 6 7 16 37 10 11 12 13 14 15 21 17 18 19 3 4 22 23 24 25 35 27 28 29 30 31 20 33 34 38 26 8 9 39
999
630 95 555 179 973 508 451 389 522 502 250 484 614 261 602 461 550 119 750 507 536 565 178 641 174 281 76 917 969 878 909 492 936 416 435 849 169 831 3 489 229 826 79 51 947 920 598 971 948 611 56 305 89 784 186 841 227 123 767 223 148 926 539 260 740 988 396 112 768 347 432 114 924 413 398 202 49 222 691 589 797 834 231 639 482 809 286 552 441 475 252 405 510 5 577 207 661 692 289 794 147 189 975 609 531 150 361 853 621 458 449 852 270 341 41 554 669 59 129 139 242 323 9 159 688 578 596 836 239 255 696 553 192 891 216 190 224 864 20 889 226 397 271 32 355 325 108 944 109 911 626 98 773 247 31 779 304 656 38 966 409 918 824 982 793 316 372 533 910 707 880 25 16 758 384 104 638 619 859 437 967 331 376 832 564 182 633 827 646 273 943 806 588 829 295 161 848 380 1 110 93 634 629 933 146 949 685 240 542 381 463 869 689 766 181 622 604 152 683 214 818 858 164 322 367 37 340 468 681 402 278 820 151 288 887 807 219 428 645 899 22 265 906 155 725 721 503 915 434 107 301 235 680 708 730 546 170 876 904 755 529 996 538 26 743 690 497 983 177 956 354 77 886 162 439 659 19 549 241 90 781 715 280 78 819 469 257 386 133 149 720 462 175 808 285 655 551 653 620 693 254 199 851 137 636 499 569 837 893 7 326 27 761 154 980 106 516 979 865 941 627 874 21 676 752 778 647 686 814 13 702 640 332 145 445 600 282 201 135 46 544 373 993 313 648 788 901 424 204 643 751 897 749 321 991 644 940 127 218 862 427 494 674 459 654 500 253 314 324 302 896 558 258 867 610 992 153 712 293 101 128 987 156 197 757 723 586 4 403 447 124 485 763 203 6 298 134 785 185 262 999 81 597 575 210 985 466 122 142 474 436 815 249 732 637 810 371 228 337 198 823 420 563 378 736 923 173 741 66 303 300 748 191 8 30 796 650 410 843 126 894 514 141 537 673 429 105 780 789 334 981 195 722 423 327 464 556 509 571 406 839 711 568 180 172 951 574 72 422 612 840 296 970 163 955 590 959 385 440 443 534 660 370 299 455 952 88 868 171 968 892 742 450 526 562 946 136 45 12 102 518 772 312 599 616 263 287 457 117 94 206 855 572 113 349 39 400 978 651 68 854 916 816 895 244 535 844 454 548 275 357 870 929 91 914 744 43 770 557 521 675 756 974 694 998 208 890 811 719 745 14 383 632 481 735 592 44 570 617 388 625 67 200 47 48 812 363 615 23 731 259 165 184 421 759 10 401 276 86 835 140 804 847 328 283 579 60 318 505 404 290 379 698 908 928 885 658 417 583 29 747 364 666 70 310 348 335 460 399 863 902 245 144 506 898 329 374 958 419 479 483 997 480 541 857 608 900 805 343 925 714 561 765 430 187 92 366 266 635 393 196 157 792 194 501 362 594 495 408 663 927 220 233 624 717 251 733 631 387 628 392 699 35 336 618 786 17 566 963 800 11 682 333 308 306 467 64 57 845 345 528 339 58 573 477 953 642 62 587 921 986 453 527 118 746 237 365 903 875 442 465 230 317 96 846 217 71 706 595 520 411 496 684 193 36 418 221 822 605 456 567 238 783 734 491 515 517 994 716 657 525 120 487 24 989 524 850 473 964 782 256 934 297 738 85 813 817 601 452 931 764 476 795 356 776 369 912 493 183 433 264 225 358 488 158 623 248 346 307 130 414 115 188 961 821 729 802 519 125 935 754 351 315 486 671 523 319 871 884 965 856 866 353 82 352 34 138 61 415 80 787 87 727 799 350 284 710 905 930 83 576 448 395 234 100 607 591 111 726 377 212 942 73 444 559 687 872 954 309 18 668 581 311 63 426 205 368 294 511 342 274 121 390 50 883 478 838 976 984 709 664 977 116 667 103 209 53 665 243 132 160 547 672 498 649 950 798 42 530 359 438 842 166 995 431 338 232 771 938 246 879 801 512 704 2 613 881 268 830 267 84 513 718 74 69 873 860 703 960 532 168 701 320 97 585 939 330 603 932 470 828 277 662 833 919 269 504 775 697 291 825 52 728 695 724 279 292 582 15 213 54 679 790 760 677 540 215 737 922 907 55 803 143 678 471 407 652 545 65 705 882 861 99 490 700 888 272 394 584 391 972 670 28 937 962 446 543 344 877 990 606 40 236 33 762 774 360 167 713 131 753 382 176 580 913 472 777 957 412 75 375 769 593 945 560 211 425 791 739
3
3 1 2
1000
427 734 360 578 11 530 468 661 814 301 5 406 375 534 186 818 837 351 270 435 783 708 107 756 575 527 507 182 494 560 833 50 675 102 910 444 460 209 112 232 151 224 463 711 306 93 856 890 403 32 242 278 83 937 662 588 442 758 750 325 90 344 797 730 871 696 122 320 630 491 963 851 286 149 488 927 535 882 931 669 719 842 53 623 94 607 380 622 683 61 150 919 46 85 114 326 531 160 688 649 539 34 755 881 349 903 23 979 924 677 454 39 951 95 473 959 823 955 452 211 136 67 627 502 922 674 135 518 220 285 641 372 612 237 127 121 629 390 283 247 949 260 939 645 346 414 867 376 74 91 41 298 327 805 817 887 238 546 808 98 272 790 347 240 297 957 410 296 225 971 551 428 698 821 820 245 569 834 911 896 891 28 512 864 731 15 523 798 377 226 980 437 342 953 436 319 203 496 213 312 334 852 197 280 625 952 384 416 38 670 120 869 199 328 235 471 764 766 565 129 923 804 509 42 169 190 400 995 702 259 873 40 988 610 215 281 134 157 246 164 254 51 249 928 176 239 140 687 243 499 935 860 694 241 478 900 432 733 230 142 658 557 940 504 885 682 479 754 732 19 592 161 291 393 965 541 676 52 412 204 236 536 139 684 130 73 990 878 475 987 273 962 564 863 740 168 165 152 379 593 10 487 606 825 445 45 915 462 921 631 656 200 832 633 388 847 433 778 196 68 672 595 419 571 60 96 153 214 413 857 394 892 774 201 508 889 970 681 692 417 655 193 415 62 605 145 163 459 105 447 18 901 981 884 989 616 617 715 745 3 548 481 525 874 839 663 666 632 476 668 850 132 542 602 13 148 189 526 299 87 829 451 836 207 528 968 709 315 861 138 665 511 274 331 472 635 556 908 671 227 409 438 49 830 886 12 490 803 401 167 642 279 329 146 343 208 340 872 323 761 453 997 784 982 431 621 1 172 843 994 425 257 317 644 20 195 192 402 779 916 770 57 695 36 305 653 350 718 993 550 382 119 421 111 721 519 744 813 348 37 659 308 43 636 626 600 480 7 689 549 216 395 115 796 289 369 771 255 267 467 362 898 991 505 929 943 302 75 543 407 70 736 748 29 599 198 624 660 250 780 977 124 986 264 484 1000 27 335 223 835 392 183 934 760 906 956 585 128 456 870 785 914 187 613 363 378 26 385 992 6 97 652 897 14 77 282 966 920 101 747 276 373 489 737 648 158 714 361 470 450 171 720 705 840 768 397 262 686 960 30 563 944 561 293 219 643 639 913 177 969 324 786 816 700 25 725 827 4 984 781 594 909 775 762 517 983 967 56 673 713 765 271 300 581 322 795 912 657 495 466 749 374 615 699 345 303 86 690 904 234 973 133 524 933 603 356 357 899 789 716 426 88 84 497 205 465 123 978 137 69 310 368 314 703 396 464 975 888 567 826 131 411 566 434 144 945 822 545 100 846 704 532 446 767 341 311 598 261 461 498 8 55 366 819 391 367 787 370 80 210 399 321 589 126 33 277 110 791 848 958 338 266 89 284 877 558 248 99 469 608 743 339 831 253 443 66 769 173 604 574 947 229 634 651 553 777 759 22 387 751 44 724 590 547 358 620 723 448 81 552 455 999 717 712 576 941 793 998 802 64 185 269 258 2 961 492 544 880 752 295 925 776 691 457 359 801 540 493 601 59 710 739 844 268 103 24 932 58 707 514 420 584 895 217 591 218 654 555 697 441 477 838 828 333 583 742 706 318 439 500 580 918 21 423 521 572 667 824 619 162 678 849 727 976 596 474 63 188 806 809 746 729 408 222 154 799 972 159 800 946 858 845 458 9 855 573 155 16 664 175 174 647 117 788 304 640 577 773 381 404 693 313 31 178 510 383 17 772 365 554 879 82 429 753 812 650 316 679 792 371 72 202 938 996 815 47 330 811 948 252 389 926 294 184 875 876 147 893 212 520 65 418 231 364 865 866 685 288 841 738 104 78 985 354 265 405 156 638 336 48 181 332 868 930 763 180 533 482 618 256 352 964 106 609 917 515 954 398 582 35 179 597 568 522 307 440 905 782 92 538 309 125 221 109 741 862 76 244 485 894 79 757 614 513 251 950 54 853 143 263 726 974 486 562 646 810 701 859 141 936 113 206 194 907 118 516 166 680 116 559 735 292 71 902 275 537 587 386 570 337 170 807 611 942 637 794 501 628 108 191 353 424 586 579 883 503 290 233 355 287 483 529 449 430 228 854 422 728 722 506
1
1
5
1 2 3 4 5
2
2 1
34
9 23 4 20 10 12 32 8 17 7 11 31 13 14 30 1 6 26 21 24 19 16 18 3 28 5 27 15 29 2 25 33 22 34
6
6 1 3 4 5 2
1000
1 100 3 4 5 6 110 88 9 411 991 12 311 538 15 78 946 18 19 20 21 22 23 522 25 26 27 28 29 30 901 32 33 332 35 875 823 38 39 40 41 42 43 796 45 46 644 48 930 50 51 52 136 764 55 56 57 58 59 60 61 62 63 64 65 861 172 68 69 315 71 72 73 74 250 76 657 16 79 80 81 82 83 84 85 86 695 8 89 90 91 932 564 471 95 262 97 98 99 2 101 102 103 104 105 106 851 108 109 7 111 403 113 114 115 116 117 118 146 957 121 122 123 619 125 490 127 128 776 130 708 723 133 134 135 53 667 138 555 140 141 142 143 144 546 119 147 148 149 150 182 152 153 154 961 156 157 158 159 918 161 162 163 164 165 166 167 168 169 170 171 67 173 174 175 176 670 178 179 180 181 151 878 184 312 609 652 188 189 850 191 192 193 669 195 196 565 198 199 200 201 595 203 204 205 206 611 208 272 412 211 212 213 214 215 401 241 218 219 816 221 222 223 224 225 226 227 931 229 230 231 232 233 234 235 615 237 238 239 240 217 242 243 244 245 246 247 248 249 75 251 252 253 254 255 271 257 258 259 352 261 96 263 926 985 266 267 268 269 270 256 209 273 274 544 276 277 278 279 607 281 282 283 284 285 286 287 288 289 290 654 292 293 294 884 492 297 298 299 827 301 577 303 304 305 869 703 308 309 310 13 185 313 314 70 316 317 318 448 320 321 769 323 893 887 704 969 600 329 765 860 34 333 521 335 757 337 338 339 340 341 350 777 828 345 346 347 348 349 342 351 260 353 354 355 356 357 358 436 384 361 362 753 364 365 366 367 368 465 370 371 372 373 374 375 376 525 378 915 601 381 382 383 360 385 386 387 388 389 390 706 392 393 580 395 396 397 398 399 400 216 402 112 874 405 406 407 408 409 410 10 210 413 414 415 416 417 418 429 420 421 422 423 424 425 897 427 778 419 430 431 432 433 434 888 359 437 438 439 440 441 442 443 444 445 672 447 319 617 450 451 988 453 454 455 456 636 458 459 460 461 462 463 464 369 466 467 468 469 470 94 673 473 474 700 575 477 646 479 480 481 482 483 484 485 486 487 647 489 126 491 296 846 494 495 496 571 498 499 500 501 929 503 504 505 506 507 596 509 510 511 512 513 514 515 516 517 998 519 520 334 24 523 524 377 526 527 528 795 530 531 532 747 949 535 536 537 14 539 540 541 542 543 275 545 145 547 940 549 550 551 872 553 554 139 556 557 683 559 560 561 562 563 93 197 566 567 568 569 721 497 572 573 574 476 576 302 578 579 394 952 582 583 584 585 586 587 588 589 590 591 592 593 594 202 508 597 598 599 328 380 602 603 604 859 606 280 608 186 610 207 612 613 614 236 616 449 968 124 620 621 622 623 624 625 626 744 628 629 630 631 632 633 634 635 457 637 771 639 881 641 642 643 47 645 478 488 648 649 650 651 187 653 291 655 656 77 658 659 660 661 662 663 664 665 865 137 668 194 177 671 446 472 674 675 676 677 678 679 680 681 682 558 844 685 967 687 688 689 690 691 692 693 694 87 696 697 698 699 475 701 702 307 326 787 391 707 131 709 710 799 712 713 714 715 716 717 718 719 720 570 722 132 724 725 726 727 728 729 730 731 732 733 734 735 736 737 738 739 740 741 742 743 627 745 942 533 748 760 750 751 752 363 754 755 756 336 758 759 749 761 762 763 54 330 766 767 768 322 770 638 772 773 774 775 129 343 428 779 919 781 782 783 784 785 786 705 788 789 790 791 792 793 794 529 44 797 798 711 800 945 802 803 804 805 962 807 808 809 810 811 812 813 814 815 220 817 818 819 820 821 822 37 824 825 826 300 344 829 830 831 832 833 834 835 836 837 838 839 840 841 842 843 684 845 493 847 848 849 190 107 852 853 854 855 856 857 858 605 331 66 862 863 864 666 866 867 868 306 870 871 552 873 404 36 876 877 183 879 880 640 882 883 295 885 886 325 435 889 890 891 892 324 894 895 896 426 898 899 900 31 902 903 904 905 906 907 908 909 910 911 912 913 914 379 916 917 160 780 920 963 922 923 924 925 264 927 928 502 49 228 92 933 934 935 936 937 938 990 548 941 746 943 944 801 17 947 948 534 950 951 581 953 954 955 956 120 958 959 960 155 806 921 964 965 966 686 618 327 970 971 972 973 974 975 976 977 978 979 992 981 982 983 984 265 986 987 452 989 939 11 980 993 994 995 996 997 518 999 1000
41
5 2 3 8 13 37 25 20 27 10 4 7 1 14 36 16 17 18 19 9 21 22 6 24 28 26 40 15 29 30 31 32 33 34 35 11 12 38 39 23 41
51
7 43 49 33 31 38 51 32 8 39 45 42 13 11 12 20 29 26 25 2 21 6 44 18 24 16 36 48 14 50 40 47 19 46 1 35 22 15 10 4 9 27 37 17 34 41 5 23 30 28 3
1000
749 925 598 12 41 484 870 383 521 173 585 959 112 715 200 81 999 59 888 434 53 916 547 831 477 76 600 734 882 689 718 564 276 743 861 258 981 280 202 108 545 289 593 985 213 47 458 440 182 231 680 756 620 355 836 855 645 705 803 963 344 612 118 318 143 275 82 95 189 167 515 768 345 286 872 757 352 529 907 444 245 250 218 952 107 745 461 939 975 699 367 566 80 157 723 220 368 54 23 45 217 307 922 553 758 97 733 219 790 508 678 746 561 664 282 998 7 260 371 719 828 666 496 805 263 348 29 603 536 628 154 410 20 750 785 491 206 701 602 731 845 814 393 405 151 648 429 445 63 389 910 227 801 357 443 156 315 438 829 380 432 146 502 820 234 761 224 519 730 779 350 278 174 850 669 284 864 696 791 261 951 413 930 417 113 362 390 935 311 983 533 65 358 340 104 165 546 918 889 742 744 384 404 766 235 584 125 617 754 895 579 725 179 555 563 330 197 796 573 538 578 607 188 551 615 116 622 228 10 619 124 966 304 961 46 710 940 148 356 454 212 506 293 17 884 903 971 28 387 398 646 869 16 451 880 544 4 965 183 899 856 252 301 885 325 269 333 825 392 827 682 483 614 103 559 949 650 435 98 172 700 292 378 962 99 449 475 616 279 557 897 494 627 881 459 83 902 853 694 50 90 467 61 703 812 253 2 844 256 326 892 215 178 119 26 830 795 774 826 919 834 153 589 879 130 110 692 137 158 797 941 72 3 513 992 329 388 904 51 848 722 249 462 781 956 397 858 762 990 671 221 84 375 810 860 295 995 586 618 469 802 135 314 468 186 267 815 433 934 382 991 140 714 169 285 199 979 209 424 39 317 150 336 943 896 152 363 823 511 294 913 85 214 709 587 71 133 661 947 470 662 60 490 187 599 835 504 474 262 364 428 412 198 676 906 335 893 824 373 472 421 629 933 24 944 1000 675 809 685 27 997 49 854 495 647 799 18 359 687 651 526 542 527 366 52 953 129 877 640 370 686 313 460 764 839 724 804 142 238 702 270 852 64 450 753 900 299 554 170 712 248 322 595 868 386 131 144 778 948 588 305 847 379 739 726 62 466 291 205 204 653 541 938 481 184 86 58 534 800 338 597 441 549 349 644 909 806 729 396 191 822 863 522 706 917 437 425 406 476 354 665 984 623 556 890 976 101 303 512 168 407 33 658 408 735 610 977 548 120 787 272 360 162 48 288 399 254 273 193 89 596 693 365 765 631 409 121 122 403 73 341 242 886 857 38 195 30 601 312 31 808 419 674 728 707 842 833 274 117 361 423 637 763 136 655 580 155 636 721 194 577 164 455 613 166 550 818 769 127 239 488 32 793 391 510 324 969 732 752 507 673 34 942 485 591 691 420 128 876 302 531 14 201 105 376 296 634 233 698 9 21 436 642 377 226 716 988 92 266 13 989 190 422 524 431 395 394 180 57 530 268 887 56 94 240 464 77 446 6 837 439 463 543 427 70 493 418 509 794 415 798 843 540 737 177 5 569 539 660 160 955 982 663 347 25 980 430 271 251 776 688 141 277 625 859 996 337 867 874 109 55 813 486 247 807 207 873 677 44 901 79 478 632 878 923 176 106 568 920 974 771 232 537 69 111 243 590 875 244 772 738 978 717 641 287 562 319 838 816 567 426 572 192 525 401 265 583 565 621 149 727 667 298 973 972 40 88 181 210 630 846 346 927 237 381 924 606 36 950 230 946 926 575 684 760 931 93 353 42 592 624 518 683 351 175 866 400 126 503 840 894 570 523 290 770 492 281 514 257 67 300 862 788 914 535 605 851 225 945 264 334 22 841 639 883 871 517 321 499 482 308 11 891 211 594 283 960 342 638 171 369 516 323 163 954 659 316 690 697 372 208 581 43 929 75 792 670 811 748 582 35 908 520 657 912 473 994 78 626 751 411 767 789 402 656 241 91 713 937 968 96 332 320 958 905 611 37 327 993 782 783 970 297 635 558 652 759 203 986 328 755 343 102 679 832 574 68 66 740 87 849 609 747 773 532 480 604 1 932 668 134 911 505 465 633 720 310 967 915 331 306 576 161 957 987 489 115 964 385 928 456 74 775 649 681 416 442 19 528 259 8 479 560 571 453 898 222 500 448 196 487 736 452 457 501 711 817 145 159 654 936 15 447 777 786 114 921 374 123 100 236 780 339 185 471 138 784 643 865 216 223 139 309 552 741 498 414 819 229 821 708 147 255 497 672 695 132 246 608 704
6
5 2 3 1 4 6
27
1 2 3 4 5 13 7 8 9 10 11 25 17 18 14 6 16 12 19 20 21 23 15 24 22 26 27
38
1 2 3 4 5 6 34 23 28 10 11 14 9 33 15 20 17 18 19 16 21 22 12 24 25 26 27 8 29 30 31 32 13 7 35 36 37 38
1000
748 253 496 719 228 10 76 186 616 377 473 544 4 641 977 757 85 27 513 519 477 62 215 775 226 337 794 302 412 575 791 434 644 628 338 793 163 860 834 122 613 449 942 220 102 595 963 624 802 427 370 114 91 366 669 35 162 297 166 249 5 106 397 202 507 265 634 334 654 441 86 784 247 549 864 407 244 137 474 392 808 646 403 68 357 287 222 869 97 932 32 714 335 115 907 268 835 173 414 436 19 217 119 969 663 243 743 896 858 406 141 295 903 666 668 92 280 586 498 340 273 758 591 479 300 514 698 546 770 606 264 639 461 553 518 440 596 981 972 450 219 182 420 689 225 165 846 325 560 465 349 933 562 878 862 53 944 690 195 755 200 937 558 381 139 625 520 483 145 6 343 267 965 902 323 98 919 373 649 22 993 52 134 177 487 7 44 164 840 958 307 709 34 525 121 766 296 260 93 394 930 318 999 29 384 904 684 108 216 289 147 208 612 36 320 949 255 990 339 838 931 355 733 947 948 988 912 554 866 423 490 594 529 80 750 845 745 983 269 510 647 124 532 815 851 50 233 346 517 563 9 760 112 703 973 408 127 439 189 547 159 541 524 491 291 618 673 602 298 705 655 196 898 752 704 811 764 688 42 706 710 756 73 615 671 535 938 803 409 550 277 695 331 645 900 129 476 892 482 367 667 242 205 82 288 497 51 872 71 447 950 882 543 308 717 934 928 453 660 341 936 817 582 661 715 675 180 278 693 806 568 853 881 415 855 974 697 213 178 873 452 911 953 75 61 47 305 515 610 672 347 765 467 716 713 573 852 631 425 692 971 926 986 583 975 659 633 665 460 185 778 897 943 683 740 763 78 111 312 104 823 313 729 157 946 861 731 819 8 833 831 707 49 681 534 389 640 342 328 561 945 952 23 736 590 779 954 77 777 721 839 657 258 607 994 662 570 123 155 604 832 577 120 132 361 332 841 920 884 329 785 800 564 316 40 368 203 94 870 997 275 352 262 327 738 472 670 282 223 767 413 887 143 511 433 478 100 344 744 905 780 336 506 761 246 58 542 371 126 314 193 880 152 386 523 700 820 270 54 429 17 651 160 214 762 158 559 149 699 915 426 521 804 131 251 526 37 857 572 315 537 682 475 877 380 734 664 737 117 224 801 271 579 359 676 489 135 428 113 773 374 910 821 620 469 46 67 830 599 207 678 605 484 939 597 317 567 140 566 578 992 417 365 730 183 448 39 865 814 181 387 848 471 96 379 749 638 712 18 326 55 421 551 539 787 916 393 151 230 378 38 150 363 321 742 70 769 850 385 940 603 557 435 360 874 470 221 614 728 422 849 63 923 451 1 608 617 161 899 789 57 917 979 1000 376 783 998 284 812 437 656 626 687 868 508 28 281 807 768 418 142 895 658 598 404 364 411 459 146 65 60 796 847 759 842 276 416 319 174 485 987 588 232 805 118 781 311 218 531 797 26 500 322 148 727 372 31 580 822 643 686 503 995 466 726 133 239 836 879 929 351 581 306 725 194 398 894 901 197 782 996 630 679 256 20 199 401 405 2 259 650 210 512 774 238 486 935 754 125 227 333 395 722 382 533 827 231 627 867 299 886 702 527 982 56 400 187 829 844 592 424 15 257 565 463 522 723 536 504 637 957 876 89 201 680 330 629 84 369 454 968 285 826 642 961 955 922 875 502 179 786 652 303 176 432 505 589 776 889 772 893 741 138 494 632 204 913 528 924 356 984 824 241 724 609 792 790 538 211 576 438 95 732 430 402 283 501 499 747 290 87 419 552 825 272 388 509 252 746 674 286 720 951 43 153 30 970 237 843 989 735 677 101 229 13 309 480 79 156 635 445 410 960 444 128 493 967 854 446 701 863 871 191 488 859 601 991 810 976 66 172 914 21 169 348 959 198 856 885 941 391 585 530 711 190 708 304 170 310 653 64 266 818 235 250 45 274 16 809 301 906 571 254 548 358 109 545 587 167 816 354 888 492 353 90 600 59 455 390 962 12 33 574 81 48 294 293 619 324 184 292 828 136 171 130 925 751 798 927 83 245 771 691 985 788 25 593 212 980 456 443 918 103 206 795 14 891 464 978 248 144 556 168 799 753 234 362 3 569 345 890 116 623 350 209 107 883 481 188 622 263 685 154 383 696 99 611 964 648 718 837 279 584 442 694 516 110 636 11 462 69 175 540 457 192 24 468 375 909 921 74 72 621 88 495 458 399 956 555 41 236 396 431 261 966 739 813 908 240 105
5
4 3 1 5 2
997
1 726 955 180 130 6 322 411 914 10 965 244 13 54 15 402 735 18 19 20 466 441 23 488 543 26 27 191 29 506 669 149 663 995 828 36 97 534 222 40 41 92 452 44 542 46 870 677 104 50 51 907 53 77 807 501 116 259 661 684 61 590 63 64 733 5 837 415 69 70 71 72 786 764 656 76 119 929 79 781 81 82 83 636 476 86 920 88 89 884 678 673 93 94 95 916 736 380 99 320 101 459 103 841 105 624 436 647 875 602 794 584 738 623 771 620 118 657 290 120 461 293 604 741 125 221 749 401 838 192 131 816 133 134 562 136 839 596 932 3 578 121 143 144 145 146 361 148 589 139 151 946 111 154 237 11 157 668 234 160 153 162 163 866 600 195 295 477 169 804 171 172 627 190 524 52 489 518 593 56 996 182 876 625 185 474 187 261 189 57 587 913 343 188 560 196 740 198 935 879 201 202 203 66 486 32 213 910 236 819 714 228 572 214 511 200 970 218 709 557 7 652 505 224 547 206 227 96 305 298 231 232 45 891 235 225 744 783 758 159 473 242 318 470 693 246 247 248 249 250 956 252 253 836 752 256 257 258 24 260 207 262 986 264 265 33 635 268 566 896 42 272 34 835 285 276 127 122 746 280 281 694 653 284 494 141 787 55 9 854 690 158 979 482 197 358 297 617 393 300 107 680 720 469 129 313 768 902 606 577 287 637 941 314 308 529 317 676 350 339 321 558 323 62 25 629 555 328 734 987 331 332 333 334 335 336 812 115 646 894 138 342 303 364 345 168 347 595 582 410 403 352 370 718 355 67 626 366 407 302 699 362 166 363 702 2 367 368 492 795 338 824 184 374 181 212 377 553 621 961 381 382 860 825 456 386 344 667 826 414 199 721 750 394 949 396 84 398 399 858 533 8 68 447 405 928 660 408 409 601 430 412 49 569 286 443 417 526 419 353 679 98 423 223 28 426 21 226 429 458 431 432 152 434 435 654 658 438 439 22 266 442 451 17 502 446 48 413 485 523 713 499 176 60 997 453 117 614 270 460 243 564 463 464 931 425 448 346 468 150 471 220 462 943 475 424 164 383 905 465 481 901 988 484 373 803 467 30 972 490 491 801 282 800 480 496 326 498 871 612 615 283 756 230 209 294 507 508 833 622 820 310 603 316 341 516 457 263 123 611 354 522 926 711 525 834 991 528 810 108 365 532 240 376 387 90 537 722 444 638 274 351 691 375 545 546 315 548 767 550 551 552 449 65 479 530 919 628 100 535 717 404 563 16 565 845 340 568 591 662 291 512 867 574 575 576 643 379 544 580 581 853 583 277 585 586 416 588 427 254 4 592 579 938 776 487 942 12 142 519 455 319 829 751 135 128 607 608 609 862 981 831 712 898 324 616 217 47 289 132 521 211 745 156 917 147 832 765 515 241 631 632 633 784 75 445 859 666 888 925 598 388 597 644 645 186 348 648 37 650 706 175 177 428 655 58 500 273 659 278 275 962 418 664 665 527 372 440 782 493 671 390 269 674 989 921 571 672 391 155 681 682 683 818 685 686 687 688 695 640 857 559 948 124 255 813 697 698 573 700 701 210 167 704 705 239 707 708 861 378 849 173 357 384 715 716 245 400 719 958 954 325 723 724 725 993 727 856 729 730 731 538 539 689 947 809 279 43 549 850 73 747 561 389 520 251 886 748 483 554 811 204 753 754 755 863 757 179 497 760 761 762 763 732 915 766 613 102 769 770 74 772 773 205 775 420 777 778 779 780 728 968 106 908 785 630 337 788 789 790 31 792 793 975 799 796 797 739 540 296 309 670 14 170 805 806 304 808 977 437 514 869 109 307 178 369 392 87 59 675 821 822 495 301 594 619 642 112 306 830 918 174 360 703 311 267 433 216 299 840 774 842 843 844 883 846 517 848 639 454 851 852 39 984 855 882 556 165 422 887 271 742 208 864 194 567 692 868 215 397 827 872 873 874 710 330 877 878 815 880 881 985 536 110 885 371 183 817 504 890 930 892 893 85 450 327 897 904 899 900 140 802 903 292 696 906 889 939 909 737 911 912 114 359 823 288 329 531 385 503 395 922 923 924 599 78 927 634 895 798 605 865 933 513 356 936 937 161 847 940 934 959 509 944 945 472 759 814 113 950 951 952 953 80 35 651 957 233 91 960 973 743 963 964 791 966 967 649 969 421 971 38 570 974 349 976 478 978 312 980 610 982 983 238 126 618 641 193 541 990 229 992 137 994 219 510 406
1000
1 761 3 4 5 6 162 8 9 10 11 12 140 14 15 16 17 18 19 20 21 22 23 24 25 846 27 28 29 30 244 32 33 34 35 36 37 38 39 40 41 96 43 44 45 46 47 48 49 50 51 52 53 54 55 56 57 58 59 78 400 62 63 64 65 66 67 68 69 70 71 72 73 74 75 76 77 60 673 80 81 82 83 84 551 86 143 88 89 90 91 92 93 94 413 42 97 98 99 100 101 617 103 104 105 106 107 108 109 110 111 112 113 114 115 116 117 118 119 120 121 122 123 709 536 126 127 128 129 130 131 224 133 783 230 136 137 138 139 13 141 142 87 144 145 146 147 148 149 150 151 152 543 537 953 988 157 158 159 160 161 7 163 848 377 166 167 168 169 170 561 172 226 174 175 176 177 178 179 180 181 182 183 184 508 186 187 188 189 190 191 192 193 194 195 196 197 198 199 200 285 653 203 204 205 206 207 208 209 210 211 957 213 214 215 216 217 218 219 220 221 222 223 132 225 173 227 228 229 135 231 232 233 234 235 236 237 238 239 475 241 242 243 31 245 246 663 248 249 250 251 252 253 352 255 256 257 258 259 260 387 262 780 264 265 266 267 268 269 270 271 272 273 274 275 276 277 278 279 319 281 282 283 284 201 286 287 778 289 290 291 292 293 294 295 296 297 298 392 300 301 426 303 304 305 306 307 714 309 310 311 312 995 314 315 316 317 318 280 320 559 322 323 324 325 326 327 328 329 330 331 332 333 766 335 336 337 472 339 959 341 342 343 344 345 346 347 348 349 350 351 254 563 354 355 356 357 358 359 360 631 362 363 364 365 366 367 368 369 805 371 372 373 374 375 376 165 378 379 380 381 382 383 384 385 386 261 388 389 390 391 299 445 394 395 396 397 398 399 61 401 402 403 404 405 406 407 408 409 410 411 412 95 414 415 416 417 418 419 420 421 422 423 424 425 302 427 428 429 430 431 517 433 434 435 436 437 438 439 440 441 442 443 444 393 446 447 448 449 450 594 811 453 478 455 456 457 458 459 460 931 462 463 464 465 466 467 468 469 470 471 338 473 474 240 476 477 454 479 480 481 482 483 484 485 486 487 488 489 490 491 492 493 494 495 496 616 498 499 500 501 502 926 504 505 506 507 185 509 510 511 512 513 514 515 516 432 518 519 520 521 522 913 524 525 526 527 528 529 530 531 532 533 534 535 125 154 538 539 540 541 542 153 544 545 546 547 548 549 550 85 797 553 554 555 556 557 558 321 560 171 562 353 564 565 566 567 568 569 905 571 572 573 574 575 576 687 644 579 580 581 582 583 584 585 588 587 586 589 590 591 592 593 451 595 596 597 598 599 600 771 602 603 604 605 606 607 608 609 936 611 612 613 614 615 497 102 618 619 620 621 622 623 624 929 626 627 628 629 630 361 632 633 634 635 636 637 638 639 640 641 642 978 578 645 646 647 962 649 650 651 652 202 654 655 656 657 658 659 660 661 662 247 664 707 666 667 668 669 670 671 672 79 674 675 676 677 678 986 680 681 682 683 684 685 686 577 688 689 892 691 692 693 694 695 696 697 698 699 700 701 702 703 704 705 706 665 708 124 710 711 712 713 308 715 716 717 718 719 720 721 722 723 724 725 726 727 728 729 730 731 732 733 734 735 736 737 738 739 740 741 742 743 744 745 746 857 748 749 760 751 752 753 754 755 756 844 758 810 750 2 762 763 764 765 334 767 768 769 770 601 772 773 774 775 776 777 288 779 263 781 782 134 784 785 786 787 788 789 790 791 792 793 794 795 796 552 798 799 800 801 802 803 804 370 806 807 808 809 759 452 963 813 814 815 816 817 818 819 820 821 822 823 824 825 826 827 828 829 866 831 832 833 834 835 836 837 838 839 840 841 842 843 757 845 26 847 164 975 850 851 852 853 854 855 856 747 858 859 860 861 862 863 864 865 830 867 868 869 870 871 872 873 874 875 876 877 878 879 880 881 882 883 884 885 886 887 888 889 890 891 690 893 894 895 896 897 898 899 900 901 902 903 904 570 906 907 908 909 910 911 912 523 914 915 916 917 918 919 920 921 922 923 924 925 503 927 928 625 930 461 932 933 934 935 610 937 938 939 940 941 942 943 944 945 946 947 948 949 950 951 952 155 954 955 956 212 958 340 960 961 648 812 964 965 966 967 968 969 970 971 972 973 974 849 976 977 643 979 980 981 982 983 984 985 679 987 156 989 990 991 992 993 994 313 996 997 998 999 1000
6
2 6 5 3 4 1
997
296 650 143 274 972 86 7 415 74 619 444 12 616 14 837 16 27 55 19 579 250 379 255 104 25 26 375 28 685 238 31 552 852 783 35 229 897 132 565 696 447 244 672 331 314 80 47 498 337 819 257 724 185 947 667 21 57 460 875 189 165 62 362 159 282 825 67 313 741 640 71 445 604 508 811 771 664 354 79 94 81 643 83 84 817 151 87 88 902 90 505 928 93 50 210 898 453 371 392 666 303 102 103 322 466 851 707 108 109 69 516 402 42 114 433 865 537 118 36 849 121 831 112 418 461 970 854 128 815 34 519 60 133 380 166 430 914 138 926 597 339 473 760 144 539 146 147 148 323 150 850 152 153 320 610 156 157 158 448 212 555 111 585 217 366 478 317 134 395 841 829 172 173 891 884 927 677 1 487 180 991 411 912 145 370 966 187 188 953 880 490 272 241 965 56 196 642 955 388 200 201 737 930 469 68 227 207 709 973 440 330 378 848 719 215 396 161 218 743 342 545 92 739 513 827 861 511 228 347 230 231 232 164 570 458 457 237 607 309 343 909 625 193 622 903 945 247 910 249 500 659 252 253 97 38 63 82 744 877 521 135 262 178 834 325 266 581 895 978 270 58 823 995 530 275 710 277 278 279 254 281 300 283 368 698 286 199 288 292 420 291 376 72 782 45 203 526 936 981 195 678 564 654 770 728 328 315 308 485 310 472 964 692 452 548 657 691 318 319 695 599 690 345 170 594 326 495 341 177 344 110 332 933 174 969 336 167 53 522 350 775 89 638 268 10 404 954 974 491 624 223 273 171 181 355 356 357 828 9 293 361 190 595 364 365 557 226 989 879 524 389 558 15 76 120 787 377 65 714 807 381 192 383 384 73 246 387 176 271 329 559 611 769 394 20 488 531 398 202 113 835 578 403 932 527 406 407 630 409 410 107 940 866 514 682 617 417 4 419 443 705 873 669 424 48 426 636 428 429 18 431 715 115 736 435 436 437 626 33 853 441 510 941 889 778 961 99 142 518 795 46 264 633 39 455 13 23 54 675 905 191 893 352 464 465 285 826 401 324 670 399 242 931 535 30 550 977 660 479 480 532 467 631 484 983 486 920 382 859 963 620 492 493 494 75 496 287 906 957 680 258 703 316 414 749 507 786 91 509 5 499 233 463 907 477 346 423 221 718 520 125 421 523 186 525 41 886 856 556 571 956 374 32 534 367 589 750 554 780 213 501 163 475 544 235 263 547 529 528 105 497 438 944 591 305 251 259 2 95 560 561 562 708 462 129 939 197 568 976 52 117 353 295 100 575 878 577 127 979 740 842 582 583 723 747 602 587 588 450 590 713 592 793 321 312 98 386 131 921 549 601 765 603 338 605 609 767 608 781 553 506 612 333 732 209 219 413 618 738 162 621 369 623 6 883 803 627 628 794 540 901 632 130 634 51 924 358 70 639 951 307 683 284 644 870 646 647 648 502 198 651 652 916 600 655 425 762 658 44 992 661 662 864 124 665 489 706 668 206 830 671 408 606 727 872 442 542 796 679 918 40 311 214 248 160 686 546 106 689 541 29 768 693 934 208 980 942 416 946 700 348 702 699 77 822 952 393 373 681 994 711 712 269 340 576 985 649 754 294 720 721 179 839 722 725 726 881 536 688 730 731 449 733 734 735 593 574 397 569 483 673 742 987 400 745 746 694 476 772 656 808 752 753 243 755 168 757 758 256 194 761 802 763 412 687 390 751 566 334 925 824 586 773 774 261 776 211 756 572 137 533 663 791 784 900 468 116 788 789 790 304 792 538 119 950 66 797 220 911 175 96 653 439 804 240 806 777 22 482 810 299 812 813 943 798 816 637 818 49 805 821 169 958 140 551 141 748 996 855 24 584 832 833 391 204 512 716 504 959 840 701 517 887 844 845 846 645 405 222 717 61 785 43 335 451 446 857 858 265 860 239 862 459 183 363 289 937 868 869 236 871 764 454 874 123 876 814 59 234 64 37 882 948 503 276 997 867 888 372 890 470 892 543 894 567 298 136 984 899 17 838 351 843 904 3 923 614 267 563 990 809 613 913 359 915 676 917 935 919 799 85 922 78 225 349 327 216 8 929 729 684 635 280 779 139 422 986 938 360 573 896 456 598 434 11 155 301 427 949 149 224 580 697 674 385 297 759 306 836 960 184 962 629 154 126 908 967 968 474 863 971 432 260 515 975 481 800 290 122 302 182 982 615 101 766 847 820 988 801 704 471 993 596 885 205 245 641
996
1 2 3 4 5 6 7 8 9 10 11 12 13 14 15 16 17 18 19 20 21 22 23 24 25 26 27 28 29 30 31 32 33 34 35 36 37 38 39 40 41 42 43 44 45 46 47 48 49 50 51 52 53 54 55 56 57 58 59 60 61 62 63 64 65 66 67 68 69 70 71 72 73 74 75 76 77 78 79 80 81 82 83 84 85 86 87 88 89 90 91 92 93 94 95 96 97 98 99 100 101 102 103 104 105 106 107 108 109 110 111 112 113 114 115 116 117 118 119 120 121 122 123 124 125 126 127 128 129 130 131 132 133 134 135 136 137 138 139 140 141 142 143 144 145 146 147 148 149 150 151 152 153 154 155 156 157 158 159 160 161 162 163 164 165 166 167 168 169 170 171 172 173 174 175 176 177 178 179 180 181 182 183 184 185 186 187 188 189 190 191 192 193 194 195 196 197 198 199 200 201 202 203 204 205 206 207 208 209 210 211 212 213 214 215 216 217 218 219 220 221 222 223 224 225 226 227 228 229 230 231 232 233 234 235 236 237 238 239 240 241 242 243 244 245 246 247 248 249 250 251 252 253 254 255 256 257 258 259 260 261 262 263 264 265 266 267 268 269 270 271 272 273 274 275 276 277 278 279 280 281 282 283 284 285 286 287 288 289 290 291 292 293 294 295 296 297 298 299 300 301 302 303 304 305 306 307 308 309 310 311 312 313 314 315 316 317 318 319 320 321 322 323 324 325 326 327 328 329 330 331 332 333 334 335 336 337 338 339 340 341 342 343 344 345 346 347 348 349 350 351 352 353 354 355 356 357 358 359 360 361 362 363 364 365 366 367 368 369 370 371 372 373 374 375 376 377 378 379 380 381 382 383 384 385 386 387 388 389 390 391 392 393 394 395 396 397 398 399 400 401 402 403 404 405 406 407 408 409 410 411 412 413 414 415 416 417 418 419 420 421 422 423 424 425 426 427 428 429 430 431 432 433 434 435 436 437 438 439 440 441 442 443 444 445 446 447 448 449 450 451 452 453 454 455 456 457 458 459 460 461 462 463 464 465 466 467 468 469 470 471 472 473 474 475 476 477 478 479 480 481 482 483 484 485 486 487 488 489 490 491 492 493 494 495 496 497 498 499 500 501 502 503 504 505 506 507 508 509 510 511 512 513 514 515 516 517 518 519 520 521 522 523 524 525 526 527 528 529 530 531 532 533 534 535 536 537 538 539 540 541 542 543 544 545 546 547 548 549 550 551 552 553 554 555 556 557 558 559 560 561 562 563 564 565 566 567 568 569 570 571 572 573 574 575 576 577 578 579 580 581 582 583 584 585 586 587 588 589 590 591 592 593 594 595 596 597 598 599 600 601 602 603 604 605 606 607 608 609 610 611 612 613 614 615 616 617 618 619 620 621 622 623 624 625 626 627 628 629 630 631 632 633 634 635 636 637 638 639 640 641 642 643 644 645 646 647 648 649 650 651 652 653 654 655 656 657 658 659 660 661 662 663 664 665 666 667 668 669 670 671 672 673 674 675 676 677 678 679 680 681 682 683 684 685 686 687 688 689 690 691 692 693 694 695 696 697 698 699 700 701 702 703 704 705 706 707 708 709 710 711 712 713 714 715 716 717 718 719 720 721 722 723 724 725 726 727 728 729 730 731 732 733 734 735 736 737 738 739 740 741 742 743 744 745 746 747 748 749 750 751 752 753 754 755 756 757 758 759 760 761 762 763 764 765 766 767 768 769 770 771 772 773 774 775 776 777 778 779 780 781 782 783 784 785 786 787 788 789 790 791 792 793 794 795 796 797 798 799 800 801 802 803 804 805 806 807 808 809 810 811 812 813 814 815 816 817 818 819 820 821 822 823 824 825 826 827 828 829 830 831 832 833 834 835 836 837 838 839 840 841 842 843 844 845 846 847 848 849 850 851 852 853 854 855 856 857 858 859 860 861 862 863 864 865 866 867 868 869 870 871 872 873 874 875 876 877 878 879 880 881 882 883 884 885 886 887 888 889 890 891 892 893 894 895 896 897 898 899 900 901 902 903 904 905 906 907 908 909 910 911 912 913 914 915 916 917 918 919 920 921 922 923 924 925 926 927 928 929 930 931 932 933 934 935 936 937 938 939 940 941 942 943 944 945 946 947 948 949 950 951 952 953 954 955 956 957 958 959 960 961 962 963 964 965 966 967 968 969 970 971 972 973 974 975 976 977 978 979 980 981 982 983 984 985 986 987 988 989 990 991 992 993 994 995 996
5
3 5 1 2 4
997
1 2 3 4 5 6 7 8 9 10 11 12 13 14 15 16 17 18 19 20 21 22 23 24 25 26 27 28 29 30 31 32 33 34 35 36 37 38 39 40 41 42 43 44 45 46 47 48 49 50 51 52 53 54 55 56 57 58 59 60 61 62 63 64 65 66 67 68 69 70 71 72 73 74 75 76 77 78 79 80 81 82 83 84 85 86 87 88 89 90 91 92 93 94 95 96 97 98 99 100 101 102 103 104 105 106 107 108 109 110 111 112 113 114 115 116 117 118 119 120 121 122 123 124 125 126 127 128 129 130 131 132 133 134 135 136 137 138 139 140 141 142 143 144 145 146 147 148 149 150 151 152 153 154 155 156 157 158 159 160 161 162 163 164 165 166 167 168 169 170 171 172 173 174 175 176 177 178 179 180 181 182 183 184 185 186 187 188 189 190 191 192 193 194 195 196 197 198 199 200 201 202 203 204 205 206 207 208 209 210 211 212 213 214 215 216 217 218 219 220 221 222 223 224 225 226 227 228 229 230 231 232 233 234 235 236 237 238 239 240 241 242 243 244 245 246 247 248 249 250 251 252 253 254 255 256 257 258 259 260 261 262 263 264 265 266 267 268 269 270 271 272 273 274 275 276 277 278 279 280 281 282 283 284 285 286 287 288 289 290 291 292 293 294 295 296 297 298 299 300 301 302 303 304 305 306 307 308 309 310 311 312 313 314 315 316 317 318 319 320 321 322 323 324 325 326 327 328 329 330 331 332 333 334 335 336 337 338 339 340 341 342 343 344 345 346 347 348 349 350 351 352 353 354 355 356 357 358 359 360 361 362 363 364 365 366 367 368 369 370 371 372 373 374 375 376 377 378 379 380 381 382 383 384 385 386 387 388 389 390 391 392 393 394 395 396 397 398 399 400 401 402 403 404 405 406 407 408 409 410 411 412 413 414 415 416 417 418 419 420 421 422 423 424 425 426 427 428 429 430 431 432 433 434 435 436 437 438 439 440 441 442 443 444 445 446 447 448 449 450 451 452 453 454 455 456 457 458 459 460 461 462 463 464 465 466 467 468 469 470 471 472 473 474 475 476 477 478 479 480 481 482 483 484 485 486 487 488 489 490 491 492 493 494 495 496 497 498 499 500 501 502 503 504 505 506 507 508 509 510 511 512 513 514 515 516 517 518 519 520 521 522 523 524 525 526 527 528 529 530 531 532 533 534 535 536 537 538 539 540 541 542 543 544 545 546 547 548 549 550 551 552 553 554 555 556 557 558 559 560 561 562 563 564 565 566 567 568 569 570 571 572 573 574 575 576 577 578 579 580 581 582 583 584 585 586 587 588 589 590 591 592 593 594 595 596 597 598 599 600 601 602 603 604 605 606 607 608 609 610 611 612 613 614 615 616 617 618 619 620 621 622 623 624 625 626 627 628 629 630 631 632 633 634 635 636 637 638 639 640 641 642 643 644 645 646 647 648 649 650 651 652 653 654 655 656 657 658 659 660 661 662 663 664 665 666 667 668 669 670 671 672 673 674 675 676 677 678 679 680 681 682 683 684 685 686 687 688 689 690 691 692 693 694 695 696 697 698 699 700 701 702 703 704 705 706 707 708 709 710 711 712 713 714 715 716 717 718 719 720 721 722 723 724 725 726 727 728 729 730 731 732 733 734 735 736 737 738 739 740 741 742 743 744 745 746 747 748 749 750 751 752 753 754 755 756 757 758 759 760 761 762 763 764 765 766 767 768 769 770 771 772 773 774 775 776 777 778 779 780 781 782 783 784 785 786 787 788 789 790 791 792 793 794 795 796 797 798 799 800 801 802 803 804 805 806 807 808 809 810 811 812 813 814 815 816 817 818 819 820 821 822 823 824 825 826 827 828 829 830 831 832 833 834 835 836 837 838 839 840 841 842 843 844 845 846 847 848 849 850 851 852 853 854 855 856 857 858 859 860 861 862 863 864 865 866 867 868 869 870 871 872 873 874 875 876 877 878 879 880 881 882 883 884 885 886 887 888 889 890 891 892 893 894 895 896 897 898 899 900 901 902 903 904 905 906 907 908 909 910 911 912 913 914 915 916 917 918 919 920 921 922 923 924 925 926 927 928 929 930 931 932 933 934 935 936 937 938 939 940 941 942 943 944 945 946 947 948 949 950 951 952 953 954 955 956 957 958 959 960 961 962 963 964 965 966 967 968 969 970 971 972 973 974 975 976 977 978 979 980 981 982 983 984 985 986 987 988 989 990 991 992 993 994 995 996 997
9
6 2 3 4 1 7 8 5 9
35
9 2 3 4 5 6 7 8 1 10 11 12 13 14 15 16 17 18 19 20 21 22 23 24 25 26 27 28 29 30 31 32 33 34 35
7
1 2 4 7 5 6 3
20
8 10 3 16 9 6 7 4 1 11 14 12 13 2 15 19 17 18 5 20
998
1 2 3 4 5 6 7 8 9 10 11 12 13 14 15 16 17 18 19 20 21 22 23 24 25 26 27 28 29 30 31 32 33 34 35 36 37 38 39 40 41 42 43 44 45 46 47 48 49 50 51 52 53 54 55 56 57 58 59 60 61 62 63 64 65 66 67 68 69 70 71 72 73 74 75 76 77 78 79 80 81 82 83 84 85 86 87 88 89 90 91 92 93 94 95 96 97 98 99 100 101 102 103 104 105 106 107 108 109 110 111 112 113 114 115 116 117 118 119 120 121 122 123 124 125 126 127 128 129 130 131 132 133 134 135 136 137 138 139 140 141 142 143 144 145 146 147 148 149 150 151 152 153 154 155 156 157 158 159 160 161 162 163 164 165 166 167 168 169 170 171 172 173 174 175 176 177 178 179 180 181 182 183 184 185 186 187 188 189 190 191 192 193 194 195 196 197 198 199 200 201 202 203 204 205 206 207 208 209 210 211 212 213 214 215 216 217 218 219 220 221 222 223 224 225 226 227 228 229 230 231 232 233 234 235 236 237 238 239 240 241 242 243 244 245 246 247 248 249 250 251 252 253 254 255 256 257 258 259 260 261 262 263 264 265 266 267 268 269 270 271 272 273 274 275 276 277 278 279 280 281 282 283 284 285 286 287 288 289 290 291 292 293 294 295 296 297 298 299 300 301 302 303 304 305 306 307 308 309 310 311 312 313 314 315 316 317 318 319 320 321 322 323 324 325 326 327 328 329 330 331 332 333 334 335 336 337 338 339 340 341 342 343 344 345 346 347 348 349 350 351 352 353 354 355 356 357 358 359 360 361 362 363 364 365 366 367 368 369 370 371 372 373 374 375 376 377 378 379 380 381 382 383 384 385 386 387 388 389 390 391 392 393 394 395 396 397 398 399 400 401 402 403 404 405 406 407 408 409 410 411 412 413 414 415 416 417 418 419 420 421 422 423 424 425 426 427 428 429 430 431 432 433 434 435 436 437 438 439 440 441 442 443 444 445 446 447 448 449 450 451 452 453 454 455 456 457 458 459 460 461 462 463 464 465 466 467 468 469 470 471 472 473 474 475 476 477 478 479 480 481 482 483 484 485 486 487 488 489 490 491 492 493 494 495 496 497 498 499 500 501 502 503 504 505 506 507 508 509 510 511 512 513 514 515 516 517 518 519 520 521 522 523 524 525 526 527 528 529 530 531 532 533 534 535 536 537 538 539 540 541 542 543 544 545 546 547 548 549 550 551 552 553 554 555 556 557 558 559 560 561 562 563 564 565 566 567 568 569 570 571 572 573 574 575 576 577 578 579 580 581 582 583 584 585 586 587 588 589 590 591 592 593 594 595 596 597 598 599 600 601 602 603 604 605 606 607 608 609 610 611 612 613 614 615 616 617 618 619 620 621 622 623 624 625 626 627 628 629 630 631 632 633 634 635 636 637 638 639 640 641 642 643 644 645 646 647 648 649 650 651 652 653 654 655 656 657 658 659 660 661 662 663 664 665 666 667 668 669 670 671 672 673 674 675 676 677 678 679 680 681 682 683 684 685 686 687 688 689 690 691 692 693 694 695 696 697 698 699 700 701 702 703 704 705 706 707 708 709 710 711 712 713 714 715 716 717 718 719 720 721 722 723 724 725 726 727 728 729 730 731 732 733 734 735 736 737 738 739 740 741 742 743 744 745 746 747 748 749 750 751 752 753 754 755 756 757 758 759 760 761 762 763 764 765 766 767 768 769 770 771 772 773 774 775 776 777 778 779 780 781 782 783 784 785 786 787 788 789 790 791 792 793 794 795 796 797 798 799 800 801 802 803 804 805 806 807 808 809 810 811 812 813 814 815 816 817 818 819 820 821 822 823 824 825 826 827 828 829 830 831 832 833 834 835 836 837 838 839 840 841 842 843 844 845 846 847 848 849 850 851 852 853 854 855 856 857 858 859 860 861 862 863 864 865 866 867 868 869 870 871 872 873 874 875 876 877 878 879 880 881 882 883 884 885 886 887 888 889 890 891 892 893 894 895 896 897 898 899 900 901 902 903 904 905 906 907 908 909 910 911 912 913 914 915 916 917 918 919 920 921 922 923 924 925 926 927 928 929 930 931 932 933 934 935 936 937 938 939 940 941 942 943 944 945 946 947 948 949 950 951 952 953 954 955 956 957 958 959 960 961 962 963 964 965 966 967 968 969 970 971 972 973 974 975 976 977 978 979 980 981 982 983 984 985 986 987 988 989 990 991 992 993 994 995 996 997 998
