100
5
1 2 3 4 5
3
3 5 6
2
5 6
2
5 5
1000
649400 711072 712992 794488 209092 423529 648055 800009 821744 710456 154953 277506 108039 138173 306359 274798 869391 573182 64157 723922 566681 484334 608418 279362 58420 624917 380697 115957 991071 281066 800566 629907 901859 544977 189159 657009 747765 600431 139802 592236 950180 472169 858610 673267 447725 533246 71776 799039 392822 322387 35681 498569 431650 57029 715430 397817 722916 235558 765522 734228 566675 247612 689658 839428 417340 781816 394610 511361 379746 25743 88894 234756 612696 249137 922790 457456 749210 49819 624831 282237 923633 487585 666123 368306 475296 494126 867253 819333 10107 693082 124359 928249 805669 510496 634895 533592 83088 91863 490671 611954 390330 368474 892115 49583 646945 912436 796541 851230 519861 54695 596977 23785 357580 579791 837087 725346 73237 849616 733138 905755 101287 931076 661628 220524 143085 600087 150624 64435 569760 605066 137325 668386 352948 616841 456763 744609 935703 838578 389700 684693 460271 782047 323454 148431 281960 509608 693789 901545 602845 579695 956961 173961 991764 700353 41542 976081 835949 904297 999310 335834 215496 814770 825493 134344 150908 411404 525152 46537 582949 599353 93160 609063 579511 853052 727935 666803 781602 684127 97807 610133 142104 609669 830641 73342 865096 515819 221673 961048 498144 986873 110575 360855 60644 277392 840042 682606 518276 895096 427495 498675 803734 506897 585004 516491 500797 13948 699856 636566 187169 242875 299671 786284 244985 73672 785875 449135 483576 112577 666052 826784 718594 193224 799300 619448 734904 73097 423902 155311 159419 150891 716186 753 873841 871509 360736 517540 661352 704652 517244 73682 127866 398368 740307 701151 169496 303168 342866 200863 738040 200252 152935 370494 946566 674678 854919 430512 223398 993664 497131 797380 848707 585130 440020 483603 675385 917360 942576 479400 264172 533469 699455 778356 581203 80256 303532 371095 369589 957478 809507 294952 713505 727849 900585 314511 287150 276082 286900 917781 21035 91920 29565 331031 135700 672809 97821 271627 473183 34539 153134 623410 109480 84190 337450 74208 174212 839152 558055 364677 829598 937458 547404 251626 945412 138832 279921 826074 604321 162658 48170 663210 328347 647709 566202 201837 363849 976258 482656 599659 397241 911460 242527 72909 784936 554842 677552 660807 459754 892221 236127 531658 921529 177209 994771 975523 491350 295042 53365 521000 882852 1540 935640 301546 622892 801617 144135 345099 547665 316681 643667 694414 848126 801020 412402 707939 95044 798900 793349 440081 888962 258066 997854 381215 577006 425162 467127 79192 939989 192246 101467 260917 996044 755543 95790 31725 652474 996047 835144 634690 383810 455455 584854 173573 980711 845976 719848 500491 478510 743835 361241 692867 241617 232330 165469 859635 574555 848253 859299 199390 507084 953046 915191 110828 793090 132984 310233 581290 697898 394751 928958 992968 56882 256983 939657 114889 815755 781921 780220 581964 782622 695634 552189 651378 564324 244183 242156 665533 479861 174699 965215 465862 190537 389290 506916 919684 220143 240485 953213 191740 949673 210632 467047 626474 744952 270845 838040 149757 251804 122992 547120 158081 590566 55192 100133 92497 630135 89958 835766 616366 401564 220455 692801 28308 628911 570501 845184 972915 623470 36514 818180 836046 992390 570773 295077 256301 230436 341629 777895 614846 139561 874272 846760 652615 294518 181701 191354 937263 943411 947366 712562 403561 371633 584775 529152 799094 980367 577199 57829 3185 700692 263396 873766 767452 253590 753263 898223 138599 212633 301325 952416 950960 63017 387877 591381 934029 695584 393266 610290 268440 590168 377740 158541 672059 168358 601023 825617 271896 93559 227708 229435 552435 851358 302345 914378 851109 389515 341178 389475 437832 158326 740324 339625 853348 70416 287009 85665 43580 384629 287058 62573 834941 582051 754298 999565 472867 342525 598135 402794 80711 294398 96288 614233 454044 811788 341737 387511 833535 218947 973553 885731 404790 578882 866075 623776 682927 691835 933353 525290 401049 287469 964645 851276 633232 763568 59890 907747 712237 26586 351136 969543 310552 598657 77240 879866 349536 634245 890117 772859 177755 698282 359400 579531 310456 478089 996710 687189 736591 923264 510152 727679 673890 686892 807078 839423 733982 163035 757265 733571 363829 470737 352643 707553 773722 661973 696236 716884 56166 685930 779646 282715 55383 319392 407927 563360 12412 967593 756054 37997 331432 527345 336360 162778 824234 989443 988977 725494 761629 761517 451032 445243 691083 79912 213721 777664 409390 882252 269522 775205 236078 944397 907201 250183 83471 511325 754105 21723 800588 414424 371377 667998 652168 161105 68080 82088 468199 947570 253783 396654 411672 856936 755561 814475 41399 793761 154769 151870 677208 847425 351937 123521 311061 253909 996481 752985 715648 973734 152399 849870 869028 62725 700147 397231 229773 716449 582191 874900 215587 587421 387861 178383 248682 536363 798250 958993 931812 365620 570737 388304 260287 966978 955402 32091 273446 797189 354127 761165 517618 516244 188381 387888 865559 929728 460663 566006 495994 116565 308020 994470 5174 103440 58812 999804 770356 477961 151215 215973 425826 701019 551801 502113 460227 752480 271128 630028 243991 188963 95113 931422 314678 392377 328096 407579 847864 744792 579749 357409 72996 104275 828416 927933 128444 617390 689899 777126 189019 722647 345466 316148 369856 571490 529189 514503 384021 952810 371784 452334 267601 704580 830344 903404 455101 133422 852141 292837 926648 282208 243739 576897 32861 808972 545252 375888 373486 548433 594339 858659 147466 747637 647841 407083 20873 987854 551576 651539 71996 436562 227539 561544 659688 625574 482367 382307 869421 475481 218517 442700 682839 867735 652308 334357 92376 686088 110160 851321 535207 587968 36223 447581 509747 162550 36747 338941 466204 394155 414488 28783 353084 579479 874992 197728 172099 307546 204294 564252 104589 219196 792014 810926 389568 984068 417720 357922 295326 700055 483422 527629 118655 961548 320717 236513 343995 466493 438339 926866 236511 860931 822846 773298 356347 461098 136429 116607 550352 407915 700765 682780 443485 773956 302119 454068 521195 885109 966359 557513 741728 185109 961166 606508 747928 140262 514295 263802 413596 655759 200793 639128 679999 699592 460690 194848 758774 184325 755745 978333 577770 48735 201738 482945 456449 969120 118413 326104 653165 251393 592365 742436 219415 706071 590174 389716 791349 398266 883345 80265 306048 928810 379194 64156 100264 688337 786272 311174 839179 416873 880362 610644 793228 475293 263623 689897 553281 133536 804662 555092 418494 717529 952595 852224 354877 902554 946933 998861 630210 238158 633253 971894 463021 765581 888171 258206 759349 747703 38123 590036 936181 483416 850670 451373 181899 231791 920389 56671 792913 2971 947131 641458 762633 726975 777635 81426 693335
1000
756385 4880 141213 111620 209799 997174 755780 27434 504999 711145 722334 928863 139995 531242 964849 735238 840236 856520 744515 287375 628276 278890 995441 712330 23020 138362 187962 712902 12928 687152 534431 781055 158548 703261 793962 136586 132400 626795 654176 978941 507024 928487 991247 131651 390894 80473 57211 307170 495172 912990 954132 113739 259553 417601 735921 553676 964858 695638 800236 130844 209336 397079 462527 513207 71888 932613 800026 581377 947960 871770 165099 871837 707961 538035 393676 994874 203928 622629 106872 704109 651890 126531 345704 835025 851612 266698 840258 117701 816680 370860 519843 746338 128721 832577 35831 615250 756982 979639 526724 223810 218108 724631 686183 531805 287184 85918 588711 462025 472393 822169 398295 307211 358302 279506 692347 923517 17606 891529 256300 626513 590088 429253 682091 618301 43729 992660 146909 448873 941452 677222 616197 299914 874475 576265 684729 625207 221027 575420 653609 934542 497970 858708 974391 100123 228164 794616 559419 208624 779958 127024 848106 567051 600408 920962 130904 330716 912705 263271 178326 892573 178262 340601 84299 342595 75822 201041 780209 85537 295302 815931 771885 871726 789962 699818 912574 28294 681877 187935 673953 984500 554745 123107 816073 567438 696720 102565 328815 535976 374498 696023 617378 752801 428573 46903 328880 87769 607791 755035 572547 467774 950607 668876 459527 298034 701637 877364 767440 44096 674797 850564 465999 419848 357475 839009 882925 145386 152033 120107 530454 507620 463931 718773 689606 284912 737081 377717 237556 13768 429504 622175 501126 388415 744467 162622 81774 66015 131160 813624 95638 720960 452656 595468 380646 597644 942895 240530 494888 947861 926928 742489 108843 315441 439853 679830 499096 114084 489027 302832 741036 12356 7272 664639 873544 547267 599681 729945 349975 524164 43953 819774 675472 210386 885052 167072 364668 592741 658753 637037 16103 553390 595936 469973 363504 917074 46547 169605 237939 399990 34289 425559 424708 986477 107577 552677 13559 407038 943150 500385 259895 125315 752805 567436 743694 947295 699873 125184 592039 69095 522887 415614 340819 292306 203793 430727 125463 694587 222484 833123 479770 662857 135000 461345 250366 745385 90632 25489 338711 911561 245038 465065 155109 211387 504662 79727 957511 820977 258913 971231 801444 232554 671697 671179 353867 623098 700114 520954 6123 345823 677357 824429 659936 191489 641397 492991 359212 370864 143106 788503 979165 526474 250714 443059 766857 21033 794100 764260 730297 697232 633834 741606 388392 39584 529652 245541 398203 992483 784730 309131 46962 175454 919318 4007 566453 332610 796841 372239 928157 962447 905301 645892 150085 960096 331640 402613 788786 517166 815394 159722 760696 841852 393262 945973 756842 136738 233913 118952 790766 597578 571397 767821 409972 774762 758638 603416 202341 726700 222328 409810 610114 849943 184336 416049 429154 150267 200947 855680 508695 485606 279929 137538 615442 679422 944746 679765 495112 873387 922827 302576 755979 285095 777193 742329 912369 388290 771898 765154 980837 716402 359837 535730 867887 782244 32020 187198 350112 163539 230861 12080 108481 911223 137111 340635 642822 440385 877916 113666 286967 817517 134482 338250 939763 294903 299423 424565 385871 18219 928756 377723 798196 582836 633666 511665 593987 692807 100115 508263 946456 809288 267598 884607 300170 899081 573137 801353 167958 309631 397487 275512 410846 462869 218436 772575 974553 690848 735661 438046 92337 426742 956129 210755 253675 100694 621946 597040 863681 797383 874196 999193 122927 311878 221099 495335 442841 50818 728992 146331 212796 687545 336752 53082 936351 687817 282887 109174 75061 486640 757071 521618 88246 402158 599426 573403 870363 306027 753371 489623 490355 690004 293039 954801 130639 687282 825952 474831 636939 952035 457737 608628 889796 176529 817651 466678 584256 800576 848613 659936 551893 560369 704982 797111 491702 829537 117142 794638 393548 400315 528597 407913 335062 243852 549845 469684 191390 997828 60707 202525 360285 289689 413254 364606 224995 790255 365781 470354 238140 371633 535344 934639 559504 567894 862196 664475 46820 909321 186981 174331 452061 303275 470236 504025 54883 341780 293873 739344 599932 970064 375392 287646 823990 185890 144534 268318 316568 768008 196227 171180 931565 361906 788747 895092 649925 281759 265610 988712 282316 742812 408550 577555 582073 383566 338623 536637 175340 143236 885712 87180 427891 292782 994087 697663 918718 326648 533539 26675 529024 852627 829265 304432 814028 530990 199795 448655 162195 253608 306363 961828 532359 366144 396762 383466 374776 372339 327120 603522 713458 18694 403963 187434 835755 323512 830701 508154 904167 890097 625716 721952 285857 325935 328708 207522 980659 490515 691915 354208 301542 436650 234405 85549 893322 312348 128156 877497 693799 813067 144539 495106 270949 45912 986079 813949 739982 614912 167217 538517 523001 482021 115845 554960 346554 133085 633425 792464 135939 159325 246291 514263 114423 346535 524564 667865 988132 192263 847594 521783 294894 172727 378234 233786 670744 509406 99174 447368 429547 580974 345666 601591 221494 95059 625572 254019 554041 70659 37872 425516 970200 420563 996474 110482 485617 218015 631952 824852 660318 97183 542805 751986 912821 534216 773521 410472 910225 631729 68262 373590 424300 292722 916242 396076 812279 447373 841751 633139 158038 774696 928722 794432 760484 231118 155463 251452 668445 758020 13250 487881 957566 430405 302034 675150 732571 753408 390684 776030 561996 532336 438233 370469 586824 561422 65522 731584 132928 252735 479296 923278 4292 803589 15334 719690 239916 442732 24350 549157 569373 807113 127665 885533 673715 707021 340782 393695 713182 124618 328100 182971 847066 23852 979976 977955 725911 649371 543981 811466 223052 841061 701784 119907 112607 100643 907625 849853 983040 362223 168374 312714 368470 866671 5253 373438 673049 966892 712422 627870 260283 142437 230100 908761 562970 88735 846136 919889 27183 617503 577167 472308 873508 937758 556940 451524 875308 6223 383175 694663 871717 686895 100915 525882 290358 704217 906679 725611 37004 940349 363855 707547 838186 867546 251329 254055 413932 726332 94635 171636 865194 606265 719824 294968 262307 593407 963442 668779 507365 695048 700179 135300 176035 999362 736256 10715 975659 146901 445627 816909 67447 862018 848990 544832 633157 929739 56657 200476 144284 382871 18480 266873 45929 732874 303644 930157 777464 515730 108272 168003 152918 324918 280744 987248 383527 783946 485673 232409 466336 106321 78413 568546 425372 894093 745020 762534 572736 98542 471574 868425 142570 890268 37135 294760 216023 895514 136943 970088 346695 82856 269383 11119 644817 540049 909190 523029 880677 716778 663322 535790 823150 759478 977951 804575 197839 278343 67410 496088 503501 489375 471405 222101 911358 437726 626819 26462 294259 702136
472
444911 173821 902584 473619 806094 198540 18852 603692 564470 978918 929202 43203 335672 313194 833177 93505 923123 338447 657645 390237 9057 574106 229510 107516 710614 309810 77198 73387 408448 280615 162494 378117 913540 603852 545133 488445 971928 11541 937759 37651 804472 421494 709722 657171 511903 637308 712017 904429 851312 228879 621418 695034 50130 824360 924439 419325 138571 963887 320426 505927 356963 612175 582458 927880 525567 674429 11820 974767 153628 190632 184012 747464 574636 374512 956229 241367 467174 657262 331099 253107 175947 999999 710642 805445 534343 324970 473312 599525 667004 851021 753705 299246 106063 581242 36151 873006 761400 120167 149047 575437 641381 316739 789179 133733 709085 835352 724270 767318 999438 647210 907893 451391 529779 945908 591085 433221 954915 481861 604422 74301 343254 159047 567095 128841 844763 490340 440192 793363 322116 152392 184357 369064 545233 445387 527080 344675 658085 632735 90139 794850 207046 718790 867643 423629 666624 711951 285319 761051 66101 895534 356237 100942 849120 789306 445609 920836 258070 560085 983410 746637 953094 879926 811415 972467 698362 851413 117612 774725 61182 2772 651795 338741 277767 374000 330834 448685 94894 630959 930926 341328 244805 890326 706149 835703 154464 621507 382089 131117 688101 857783 490624 771346 82251 113626 111695 736274 588614 854042 297670 758252 165009 29608 85882 204750 503030 321153 863163 470333 19212 201576 813213 80437 615210 603336 766091 852083 157303 682329 811137 793690 894103 426868 397359 714962 758873 148089 330395 80966 643560 608627 17200 152455 646889 442765 518085 3009 112014 450705 856502 195809 613415 661295 943864 826386 827153 781892 738033 327737 21265 935125 722534 508585 680384 755862 526323 947753 130996 703499 167965 426651 413320 811247 232932 245698 256414 291408 321605 344429 711897 23056 955499 816252 152893 27971 95140 62235 648575 685449 131895 586940 288570 627528 606663 878078 510010 905495 673470 345274 130085 613673 627077 998010 905589 711983 649851 945448 42339 664703 581370 439424 384370 735132 575598 399646 520180 507656 151799 874643 710040 649602 6667 715022 558030 57869 26369 52444 969253 96173 535455 675605 985657 945991 250341 768810 13084 357517 638060 292646 618403 675282 69687 879237 639541 415355 261456 374892 107634 334872 12321 738471 97196 347935 672022 748451 137026 280712 595031 560711 459082 65440 845980 511442 886392 897343 889355 488341 448002 739475 639459 124731 55047 462106 104508 33801 727288 710440 603869 228628 937255 535696 351020 969452 301559 167012 491084 21375 791670 8178 846933 833980 851918 742539 49239 822310 156059 955531 560618 448268 225837 507821 51794 318211 147380 324398 295515 630952 54330 902100 416011 986355 958868 710444 549311 429641 948349 850782 162365 273893 887130 447225 540283 100231 512439 966246 213951 47435 320090 700351 231353 500461 886345 281788 543324 562716 57156 646861 296012 83137 523708 663273 412353 211272 394979 390101 982323 548785 686264 80132 77361 689844 441883 746797 712676 409762 456300 112609 841930 298912 659620 523743 172875 265623 142786 911688 368523 885858 812232 478674 465719 794887 229312 735221 982256 554577 344145 529354 448437 473848 984531 830842 348474 35145
248
361271 42962 547493 297069 349871 692169 943401 810256 893693 803523 286080 119030 646331 317323 429320 217120 994803 22621 539340 363562 154120 90016 604700 55394 601249 334648 681779 977979 24890 320029 777515 404658 722540 687697 829723 324153 336622 209449 994095 992268 97865 893666 501047 708560 275397 465917 637840 556813 548515 552340 382338 683147 225350 512514 780348 279905 126175 903792 309004 192497 384808 108837 934694 489780 634428 349381 719470 357105 698621 604209 168668 714948 363620 476010 411339 156053 758583 260283 896053 746970 671435 462258 896804 752738 439378 787898 935746 8349 621534 760015 604827 710330 979419 383993 401538 112093 294693 963714 876123 734378 859373 229703 858146 463678 78935 360301 189642 865448 498635 162781 459128 20751 415089 145490 454412 168084 480863 9340 21282 670416 173167 72106 367484 254224 833862 207010 307856 82722 906767 678815 65348 342632 810199 731580 446622 798145 790471 327994 325982 812723 850398 518448 613434 44165 391176 71594 859992 157864 647456 473362 546243 543479 414228 596118 800806 446821 179105 633800 545249 587587 505235 619263 493195 345407 790764 256181 606131 546111 737440 419377 201535 614209 856973 866408 178356 756153 856213 940652 390362 290155 175713 441273 894709 944601 820576 412032 561444 751341 375274 614570 910870 978079 873124 682009 736535 674095 471127 352017 963750 80980 809360 301130 317082 153203 254419 475376 590274 291358 315036 715544 836362 976168 576940 868866 931514 807 119618 821137 169061 231634 503716 113605 159849 754394 156156 515249 6924 681203 564027 983086 609173 569612 462042 690046 713744 277897 40112 466539 631107 430258 86842 993399 65307 952135 830697 901940 362635 218734
489
26892 632784 482251 858239 307729 941765 969746 832212 933359 600119 329543 619270 20926 658725 189883 560728 919423 619626 554536 892820 522182 541018 452208 208777 1338 176570 325763 392649 985049 32327 944579 902050 523064 347289 691246 1679 381730 691175 364703 472221 296250 628887 799252 300594 571853 760847 129745 201986 132033 609416 859223 2250 10047 169563 314816 62831 194381 10603 711514 157688 505583 199874 571462 45339 129376 591935 743727 359697 709929 587117 561116 198267 803999 139869 484526 534384 837670 163097 688969 995644 192573 339911 48843 376556 380050 34689 678146 849811 629812 714704 609196 237904 34897 571817 173322 588571 356041 310378 525689 24011 5900 79985 291994 64062 360174 923844 774846 237594 310775 92840 106100 199023 158952 420329 593048 201434 135096 306883 852719 525192 844606 739821 32221 168799 520329 808387 462763 622067 399424 975102 90052 986128 46109 699057 734325 951876 883876 646020 516526 923615 370228 173308 946869 823225 313779 661851 839780 28762 122431 52131 214363 483446 20587 749997 425280 140017 381863 780625 822440 206995 977345 587885 795419 741428 734462 917023 849420 170921 723602 900646 626770 887126 776743 636925 206571 531021 129091 33225 456340 735779 609055 291095 213454 582075 405911 595792 348385 817226 285123 605602 535491 156471 638213 488905 229302 358268 251358 831703 183588 394754 57470 581273 524933 177291 112980 950389 93384 323776 862607 449191 809028 549601 798159 768456 778491 928285 501214 53327 829978 849035 317510 225654 730240 784026 984919 341134 308853 987224 652602 552944 608349 711053 236313 17665 32163 79617 406374 797059 916579 81701 115265 883150 376593 453960 253265 933967 992024 310997 439055 894166 294021 200113 382295 540136 505732 820886 306421 24876 935068 869449 585428 494572 567951 393055 373417 612828 998536 200559 125613 520525 100521 595784 384314 92930 986245 450306 315795 402027 600150 766506 950129 572378 629166 685866 599919 911683 369139 588343 507589 452180 756542 899855 602764 674059 269054 686003 475561 973096 112354 776268 224643 400397 601265 205709 788498 441105 311931 259916 233441 534014 825771 935507 537742 80487 416299 621116 149249 485584 728000 929382 439770 682591 140269 355578 129942 120519 818947 393687 449061 282003 351692 56877 110313 992534 139469 944589 400261 79473 277806 168480 146342 719978 331754 73876 672724 567200 332324 878591 461993 704788 580013 89815 657251 84074 75688 280221 487052 889984 812777 488350 935305 306687 31190 298306 463888 391034 311766 908967 375836 467492 260733 466272 252091 979128 627289 81709 77764 89061 607828 990363 95170 320254 815847 445818 301862 435645 432293 335908 122464 14770 376351 580899 680777 759054 808751 442902 384271 269357 853039 108169 593616 49620 200964 904033 492491 846026 137988 74686 9558 466856 945145 846853 570860 869250 241975 383541 618927 893669 848974 450507 163201 485110 154896 904911 920588 798921 545692 853789 817126 744808 271597 84903 598664 162714 735114 240773 312351 571558 133810 208934 358066 389565 1716 444761 876600 802895 625248 890895 8044 456144 905517 134496 300683 286315 127905 168320 752266 404234 240052 233074 349883 648664 602810 919163 926213 658652 558147 834180 168491 197860 314488 435521 126920 759009 303739 739607 504341 565744 461848 975445 673881 853817 565777 218588 255195 138222 171584 49740 911208
961
981970 666415 157042 947757 982936 48198 78820 389844 879116 307471 280773 152276 271821 324511 819580 762191 217431 133486 553986 326448 740986 461996 637092 911013 183800 295579 878940 557182 841666 431776 463578 325975 311198 945974 56579 186864 806269 476084 513076 518674 580449 134322 644262 981299 249832 963900 468442 963543 922736 315308 522709 304343 670836 672836 559726 308899 426941 578670 31533 583567 501147 143550 560423 371183 177917 214433 519393 352730 812701 225075 909643 686492 350788 420267 9961 862445 464417 10396 207970 153178 811422 554882 705345 211199 420770 819494 438328 73574 527897 267546 673251 251961 241139 880821 535899 371613 113997 843875 718110 966088 398562 265983 16743 8193 668870 1478 226380 485286 748668 395689 964975 342180 950133 354373 425254 797048 882063 196552 932309 442372 872765 491136 845059 510581 547661 156698 599755 900754 176680 451965 607200 65514 624623 856144 696465 984197 506839 282899 205381 970127 965021 596723 301700 643002 575633 896930 224664 255031 419066 482173 860028 265706 531863 213547 221578 697551 254112 235995 569271 695870 612901 463065 649703 896948 640536 357308 508181 468030 813807 542299 6355 523045 84563 282479 71813 864247 375841 514591 817771 742558 216371 619301 863008 799539 80862 752504 186110 945019 566103 593561 137483 601479 408256 721711 948477 328198 671065 970779 208549 926000 179897 452128 560050 605128 147307 642542 987054 407264 408116 440365 48060 704697 648778 795703 54904 707821 120174 128441 227808 871847 639647 160625 975338 160300 584871 501800 933201 782620 81638 811857 633825 982053 294363 535043 553575 785953 969598 851350 726073 281248 689153 226834 560676 671868 508282 873555 192470 180079 71073 24569 697018 341572 412178 708988 505067 888123 810936 415464 166161 868999 688190 565364 586223 443759 948290 457820 218883 154408 229987 622142 855999 549135 279595 391768 466666 568155 991303 854108 539033 261394 877008 45142 26535 420253 140497 452684 701170 60114 122466 979606 660679 415081 462872 827338 465155 575335 687892 137975 837731 146851 451963 81928 142632 381594 845835 693671 735137 77497 54270 162591 453036 318725 877270 533730 900828 312205 662154 100769 151113 919374 245205 119110 802893 37632 701270 14333 126128 994239 246143 77839 930700 920912 631131 520117 156997 151780 774813 65432 475948 355009 578642 908507 931963 178008 750752 489456 702119 684799 587394 698277 844445 98398 33097 162205 780459 272399 828434 936658 82206 494269 142261 110961 184399 342792 150070 831762 724412 146162 316172 917596 259233 87963 242211 595445 599324 996417 754940 752765 248170 930561 798223 954073 837115 271050 228871 612197 202239 39675 714371 65425 818349 238609 527992 161856 401410 2729 712384 994012 87117 950971 642523 581817 66605 591760 830830 871340 271517 210277 625721 43978 23963 546074 87938 928181 41850 358534 945980 6673 934663 47999 371670 138687 946755 237424 830293 176027 87985 72564 661520 413788 125008 511116 166173 685930 685918 944907 760801 224219 362006 903786 999907 271680 12518 927920 453483 799088 723576 151934 404456 158515 641789 898629 682908 591981 286223 354584 616518 845341 691255 825435 627765 440317 614097 58975 947413 591918 127562 477268 145005 126969 6352 711318 569010 32893 74629 636526 678057 84790 408877 824057 834232 550805 881386 643300 615970 960160 943574 789452 212217 929095 913388 54600 367088 853318 789333 552352 115265 279306 281294 860365 725163 463064 703823 374637 578693 199346 813733 824478 462766 269580 339571 842218 766361 423859 36138 895173 313219 310234 68589 25541 391192 209954 172175 30810 288200 582556 984096 606556 12793 86671 113463 524742 937163 15360 692629 386432 858076 520133 130709 451387 334370 662306 910409 789939 892065 250518 92320 492553 748283 515126 625097 674156 117875 548091 311025 485820 928327 342962 126856 721825 144628 537908 521630 8655 754976 852985 561483 114274 421564 168944 988190 368992 782482 511686 832672 968029 512941 340016 910613 150740 401067 976422 356268 769095 128043 935458 919523 685078 440430 458527 796623 510098 560085 687350 442314 309776 125240 660613 948191 295535 185216 736703 308815 674599 912071 53517 346067 986647 551682 340359 767249 475753 100643 895963 805798 473469 794400 931782 58780 976716 342257 320030 198939 868636 109112 831846 178039 266231 179713 367007 405962 982779 82163 502160 554008 606860 800354 927104 4370 267859 99829 16777 799072 513073 559490 625157 597931 686878 416855 229979 96415 970209 360522 175007 146386 399942 404405 886872 977962 54397 267489 998374 354271 869475 387254 635914 600398 915713 11514 706662 818468 381953 345949 342841 204696 270899 980073 84027 179175 959418 955657 926000 597847 212616 349887 48971 294906 894701 655941 785547 610319 545727 787291 117393 226866 917594 76152 398543 936211 94282 505203 657169 95499 215028 410238 572862 963399 935372 431778 310700 711139 514336 189581 9620 529053 836514 743694 451206 561379 339505 66138 112943 687706 454703 340936 323229 164571 199343 586969 477618 418436 343022 398402 737255 177771 323879 145645 805264 313381 898500 695474 545267 320312 671757 559453 52098 275099 500537 787954 393291 958489 633827 189885 332404 624623 226906 750422 610601 138196 565376 962486 801181 170994 459665 146694 115939 505791 683128 956757 652601 605337 572344 276231 694835 395149 399877 379567 868166 292552 222212 413382 779836 868399 691838 196631 161961 109165 986408 201834 177200 726811 408937 931525 355723 246163 906878 158183 195520 206072 900638 970251 137437 392664 649096 348515 193108 380256 55002 665987 164616 828589 134354 496474 150627 695258 312823 505736 625569 38161 996832 377696 450347 967957 813450 276160 120711 763491 742613 329985 299639 727118 220823 115262 9314 92654 606202 549617 895254 930449 464273 691472 216414 621031 468622 426728 57450 587984 155156 264745 423076 982704 877866 566260 273791 545909 863493 265636 356280 505895 229992 738728 909787 662416 592376 797910 468601 139275 519004 943934 553136 76770 446956 639806 197204 79222 773207 575459 855186 935724 737928 477945 762719 511950 681708 850984 941926 732179 723880 920645 451547 847777 688301 542864 814184 561264 587691 469893 743760 748854 520873 22167 218014 792162 458658 998044 811963 98033 295005 177178 384878 382832 301741 757418 207931 630221 91678 137820 817147 147075 14185 457653 89095 811806 899643 821944 47343 55467 758581 34189 317656 445332 150817 584720 837259 419793 519234 905269 29224 353393 929380 714175 646446 139440 941064 619480 436011 898094 18481 86839 320755 986406 54250 666579 285543 225787 37611 808763 519449 27989 982110 29297
597
588131 592407 597967 212505 587287 890805 234010 443976 18874 119053 950153 203723 162853 632505 650159 266890 163890 254835 275433 278625 219869 264769 706100 832476 731522 403137 863590 330746 70263 994595 746094 377303 253735 53934 947653 832113 690296 760217 315031 723241 785434 836024 154823 151127 510041 843181 654899 127578 393356 794744 688534 417302 200742 747035 630247 522722 198882 254649 266976 886570 675595 231975 427116 499488 954560 167575 769600 912543 977764 188746 7989 377914 332598 436031 545317 949701 885277 925339 710528 350537 855532 50896 654295 105886 671058 808210 509171 365112 411781 328728 423756 840889 800753 967926 93779 898498 535438 41172 798849 218025 905983 768499 355855 867137 799235 154248 932374 208828 967292 844867 958973 371753 735787 770981 330475 825341 280207 891045 868322 549625 264944 512017 576582 309439 807696 964622 482037 165211 731643 735823 324905 735655 546755 744053 108790 546767 181850 655588 330485 592629 21739 931354 399227 169903 179947 210157 60772 946283 906291 940314 693688 739780 80720 610441 437944 110055 109530 601893 425078 918611 98298 26887 883371 522916 752368 907548 953053 166063 58930 733150 734255 236649 656765 749848 31181 570941 288156 67948 855516 514126 85320 225811 305531 445577 859741 867970 305912 550863 227838 416913 712074 979746 274769 535451 357500 496665 463131 928285 484397 259241 521327 555202 851466 482952 392437 575878 469265 92115 315915 549561 147573 267942 899938 273706 202401 565813 790296 270210 305978 638187 382015 507043 622614 425261 47462 279043 686300 628058 414977 927455 488927 698782 822907 163146 759018 607943 89784 226110 117481 149244 810084 990538 677693 20263 413304 487346 243644 309860 100122 756614 430515 64877 81037 77182 140419 757048 466962 355644 471932 277349 224825 111259 395360 907344 641114 13975 74696 514170 958856 902569 725673 466201 751501 759367 52247 532451 36671 346676 875975 384848 84393 129383 60649 464246 174447 73180 917000 587748 282350 135079 870558 955649 159073 461536 950350 849694 477071 921308 170179 755536 763392 732289 334781 425200 733071 216841 847176 636188 185437 647093 691395 426299 862785 976613 110844 540832 104211 627229 828608 784869 399532 931731 498735 70355 310563 33009 815505 104857 204806 520208 522253 542957 585174 973078 865872 311165 679750 816917 437902 207998 629988 584209 125774 189298 552087 259047 9424 765451 510488 822364 511795 520345 256648 911825 592684 288962 243725 118898 568763 373153 521665 912080 78412 41575 629107 503609 717764 188590 571312 491658 817617 653706 264162 367981 61688 124732 160316 650584 252188 310961 565827 896404 488792 463511 103682 848493 553785 977870 441392 63638 889658 393097 818494 950688 768618 511975 741255 5788 599013 604227 795526 771996 273677 958459 610397 358001 973198 741419 242688 848916 422699 131804 48466 279559 113773 258817 699475 19215 48683 878105 813134 446787 438251 235855 53972 922801 944122 998636 477449 430215 20056 600671 611091 775255 549723 506515 160135 305742 345239 993064 956121 378610 536371 71297 889464 797093 570225 702828 904700 508539 937143 757428 313345 410309 986680 26165 853390 738683 559670 749718 460011 319665 680522 583600 356886 90359 271156 964459 492601 995157 376388 143327 190099 772774 786791 564605 31294 736709 732888 932282 218108 635398 717731 435255 691869 266638 340438 220362 93611 654576 23312 967531 293780 733040 829111 726663 536000 833356 768613 265467 458845 391672 614087 601216 112025 157093 521728 470716 626974 216091 849558 561427 103326 23753 435063 607110 697224 480401 206577 472437 909192 883275 695344 833648 24416 44765 223795 891007 709207 684330 619589 843897 402332 284634 100863 573925 147198 732008 427475 930707 925080 337415 875036 332822 494590 634217 63979 751366 847160 43824 404724 489326 836420 999319 366581 770699 492142 223107 242680 61534 764831 393464 174136 28572 810103 62271 561239 37399 577316 54565 321039 79890 968100 6490 672211 353595 263258 116900 620795 872349 287710 299274 111150 264144 367691 608492 704499 525578 313087 68175 846224 856934 907403 519969 144628 62807 672521
840
598196 356376 953937 758421 933016 766660 438266 863650 958263 957168 539082 793660 803665 459104 745419 168779 852309 525488 784573 554048 676212 902009 355591 239396 614285 433126 71572 102300 28458 838766 300013 196270 499012 901773 370625 604794 961069 588458 873142 906836 401165 296281 617770 226789 799127 352393 256348 192648 937525 844481 625317 73588 679363 885300 844388 419845 746403 408156 904288 910246 357071 742737 307195 952770 9088 330122 718721 616581 764603 96122 345210 570531 741786 264826 79550 620465 773881 760790 297590 874965 779890 905477 744662 585620 949373 778092 680714 514214 65609 734499 471571 22585 806344 914728 386148 898093 886094 83017 820400 718791 347519 365450 483211 367096 817563 345868 721930 668489 192222 966016 525629 358434 533240 175721 163819 501295 528170 899776 739016 597371 481915 283157 883193 944565 951348 580915 864008 833639 446587 128354 711714 206810 790383 479440 875593 879302 984569 883664 628848 500076 168816 766816 295261 595435 991777 327446 853025 213380 66909 658932 66593 486550 899806 523416 520321 685117 845058 268688 526728 807911 996139 223081 218174 876083 364594 408551 382930 494573 981350 170544 355495 612220 744111 239937 755540 867323 59822 240598 556540 15697 417227 164782 411996 727751 477143 47650 790420 155834 608081 105802 966496 656166 732684 922909 512546 904398 739383 410251 383259 546226 175815 486361 387736 558379 977149 593397 193092 21779 595714 227092 873488 458147 110009 77683 597439 771011 337384 119002 534868 580507 977381 637253 635799 916632 919504 840470 542593 212731 35184 313030 564166 630786 42836 940769 286961 413488 303536 462609 702976 998627 555977 569477 212118 649072 306883 798965 465437 376540 675876 91122 460324 943042 607411 460122 644819 192155 153331 559324 156545 519065 529618 276294 849633 583539 613954 451560 323879 63079 830701 794204 118560 572591 226377 869116 321714 884766 858980 697059 604048 301133 910438 837425 606779 125916 766668 90469 167508 89847 857701 178175 945318 397397 358710 473089 458388 12898 785221 105323 271139 322579 545743 890941 401032 770702 573054 948729 999232 784496 187891 451386 125023 191747 104150 512061 953020 272531 982740 891370 380300 658667 558618 693050 97409 37069 488163 590551 578178 16257 126628 680793 899822 812601 813068 132625 947906 595991 806182 11885 369446 500771 432600 43807 911454 454845 769040 191745 916961 537842 518282 965759 339061 700351 32888 504545 492167 947191 920605 176313 602897 983233 357771 710337 350237 768767 864743 37575 944574 756630 177290 741108 562138 758186 935607 840845 856734 761871 691768 803624 58556 756710 371116 622068 758764 576369 938717 488864 874557 592623 887698 145698 296149 829979 207960 35061 596287 296380 365634 961213 897504 779968 437765 64861 188191 70507 68501 445802 853129 412435 899162 147095 763505 432754 730658 969409 935008 832094 833768 500193 556102 183876 519780 514809 447402 816308 883273 523888 181024 982094 495870 284110 261844 765145 958927 203939 430316 405362 965995 298816 238672 68713 1690 190422 919730 772293 413104 46080 184926 128379 972323 633377 642605 68918 657947 721120 928178 308320 884333 506542 678955 56603 126892 478098 842315 69874 821605 416272 256974 219506 595126 94273 57377 496668 397975 224642 588423 678166 763661 428389 336413 335371 479797 589306 281598 667798 683491 916142 758859 353777 368765 199084 569390 966119 691513 843896 448488 101191 593905 68259 513620 53473 519206 59742 392140 450374 258985 774509 986488 529751 486473 743218 687940 70994 116430 94836 362481 242052 96230 817079 685500 6032 354149 667647 139261 924332 30976 707803 254047 988193 83487 88481 639095 521803 337420 749283 80863 264553 467515 804577 501226 96593 281399 173268 520806 353653 817437 490639 643399 412418 276546 670950 938188 489980 327948 723382 622281 405478 52448 238263 652362 155283 622088 989385 209364 592489 671614 48053 163121 734576 85172 226799 653528 712693 447744 653557 107152 924981 703785 674794 794646 716744 693047 898352 18647 124495 86353 218501 594876 86316 359607 391978 223880 169269 755409 275973 229736 5843 179966 230752 552273 439037 220103 348502 693050 244271 687496 369138 873694 38124 246565 843772 607242 281917 579072 17877 553928 450694 152882 119835 769834 218370 432532 96681 929150 544408 408435 610521 822336 96620 971279 909886 370044 519345 293213 286204 968005 920846 438311 603801 487221 197184 157372 294357 564554 591440 437892 312603 121116 175786 568159 884797 426834 422502 923381 914499 576880 855041 927856 497318 652007 200908 923897 782873 403603 645940 149997 233198 51675 975845 911206 451813 562404 193101 550306 468521 929443 230295 850239 931613 522839 256425 638462 595902 784468 414390 295120 780140 965794 357561 573636 547489 442034 396321 439623 607774 749772 169570 689246 157051 14094 836168 345224 848458 408471 216563 56051 916422 771461 227654 633705 626858 115231 153980 254548 781474 181078 158844 253501 560738 690081 505199 861034 15124 336480 426413 727658 219183 863733 839383 50900 890557 853127 252695 230686 29678 73552 707909 103421 892300 352439 833881 28029 748792 666763 614572 633347 82000 428732 543426 155084 905462 590184 593853 743599 331300 767517 469452 973738 536951 242082 755723 771341 112102 837165 296891 845149 230015 160578 221173 873011 953387 796861 278556 382192 859884 576541 578102 326566 814132 894120 240850 954960 784680 464495 755484 601579 125975 666245 186761 4884 153457 303376 758431 985153 530760 832985 37313 818073 710 467717 186257 371620 645885 208799 213308 757790 881060 207092 842545 556813 657189 978035 812101 134913 282221 239588 78811 244558 583196 472715 561615 664237 706252 648289 590166 455545 416313 483663 708895 816134 471791 884208 464008 236426 515935 810503 295750 615416 917241 363968 213634
399
678317 982347 101290 195443 946380 103655 173469 828955 72333 164144 168619 334746 751200 121301 721870 910576 334553 213554 211779 850346 962727 95782 742691 871926 566297 931950 824666 103789 593829 908412 788367 151533 248810 812652 544581 654629 743118 534167 82183 160062 279544 107656 400868 818059 87913 412015 659377 910958 693253 221327 2676 44723 84152 404466 882437 362662 49187 52833 175864 801611 672601 181535 946349 193501 13650 642401 741908 203546 384672 432094 284233 958688 985134 530835 668607 684054 450565 983153 625114 452769 326769 827629 546037 772322 129581 469194 469452 795024 734617 891509 159411 478270 638766 566050 639928 664211 420589 918324 64922 930048 862961 495936 971972 245061 459013 533381 185937 579870 320407 715117 656002 182630 214254 333711 307343 474596 772570 584852 43135 70151 80044 212361 101307 47831 754824 242507 910470 122199 189765 137761 185324 35542 497203 994301 289247 203626 895054 94487 397373 902560 724764 857694 510016 745243 932074 120629 838844 36880 989240 807758 870321 270512 727870 87014 583470 76004 741981 855342 313576 695085 905157 607584 373255 109309 145640 434704 591057 300291 140310 661460 869958 539521 287163 766994 939934 118509 609421 684876 925563 508528 867601 901681 21760 177663 618050 456848 428275 557403 941709 972609 216336 844463 725897 385449 290982 696721 987615 334888 433465 380466 7900 57372 960486 159060 388857 979696 56124 668783 794784 507040 184357 41309 148153 935562 504191 169684 839553 330023 348415 91206 995681 100371 31033 527306 236673 142955 604870 878183 715628 809046 931694 452637 590563 932219 475957 365737 747912 404649 62606 178643 697489 17400 332458 396428 669239 835366 710117 714867 150746 64162 578719 702448 22124 273031 2426 415926 263000 506292 604854 777665 929119 804356 361247 124954 895101 786186 983104 351069 136504 422990 337406 918950 840336 963480 833373 885683 192575 827276 786999 541474 272140 394087 254450 382870 24616 177053 797686 209854 495816 119453 782234 791283 339947 697191 464643 94391 644201 902903 45244 872426 578953 40740 564205 897984 748001 926857 205574 317754 506744 564957 602130 170851 328983 811718 162782 1218 618731 148717 964949 441428 183594 496825 868754 461165 542799 14093 271606 455701 832339 765903 4405 656433 245939 811561 379286 317857 45464 719322 579399 346576 880736 884870 594233 896922 141248 132737 888330 209421 431006 189579 32680 681948 383547 887674 106732 960588 148954 734582 553290 744446 812239 870602 743669 178918 208158 27640 303612 463879 434495 368795 249052 471423 241090 691899 201725 532133 617509 578997 205035 61065 659954 453685 256539 518302 11989 630658 424074 165094 814345 704403 815376 709149 491787 82159 44385 517632 72267 870356 270624
505
818652 660093 353052 122309 560259 469019 303868 446448 416659 933773 523873 29706 972749 638667 878926 284852 318162 996209 775447 325224 462881 279213 960513 403860 608046 428555 308774 819500 788645 568676 844713 58319 957203 735358 472391 619192 485283 70873 617286 489470 500631 793714 960911 548275 802143 636118 271098 209660 47611 593422 574299 523922 953418 7641 674438 704821 280707 256359 359421 958391 200145 798782 936914 415323 313430 234965 416953 456756 928131 428436 946145 508911 746389 484936 347381 332465 654140 764043 486744 714627 32601 560235 931134 400243 693489 804877 152110 120293 845324 690797 921893 386106 108432 345957 485817 117288 721962 972308 84247 830716 673384 53940 284315 211588 776010 574670 719379 982926 155410 1211 275414 989005 253555 535546 519080 960789 323414 787942 871505 791258 489302 368326 975172 308293 990817 595682 808245 659306 797646 930623 247222 637157 93550 457605 968321 207799 593379 521025 43152 610969 865062 338221 117520 87803 792640 192026 251646 921957 487611 551235 631931 778237 565272 518719 489751 867420 104017 747968 732931 991625 206277 635983 320992 854502 373518 92130 606885 81745 767881 669081 181746 570280 171549 202879 347022 229892 191425 241668 78326 421445 512777 504851 617086 637017 51630 961658 876482 110233 977559 471306 353132 20439 972149 959540 339658 440545 567399 980097 706720 837909 210448 508937 512112 185567 258325 906935 618953 273919 571211 768355 476332 132022 784100 842178 851956 958787 424375 803447 660008 413372 126646 259140 163791 584270 586952 583789 62391 490542 840521 878974 141026 137511 962878 711970 4534 773820 562247 689587 631591 524808 931625 277217 949672 445824 788319 781487 17160 357991 524462 655364 494521 592552 89619 708962 16968 35462 174343 993430 60811 846227 176931 130298 559544 665021 913556 306626 358519 558095 771938 742625 724633 55305 81583 503045 142786 657165 655230 366834 514052 30100 793149 937495 367440 735724 649389 610332 501202 416177 409307 690741 516363 61521 562358 581281 549807 394417 502277 458200 629310 891462 17608 183536 159582 929213 609129 708642 951637 310234 781579 885590 730481 719267 204645 536466 575364 892315 126241 857259 204772 446043 595798 176516 851010 92948 719602 462962 952048 261441 65352 228374 146603 955125 945904 475387 885498 619337 573830 104 26438 918798 764213 7357 532826 800148 162147 772567 49332 707952 544733 633807 411661 417448 195595 363765 821610 254271 82816 421024 114144 475546 409132 337396 767250 141988 573802 312866 846485 734978 297854 663084 282430 762212 850859 483880 404547 239876 372323 278348 148828 819881 882991 665069 632056 93314 196940 158838 390200 268371 175958 217864 901280 200620 666492 462105 164506 413765 577945 271018 884250 799844 245639 614326 599936 54657 571757 952181 121896 290321 608210 394821 840175 239399 487342 953007 554557 903470 478830 593046 643182 251366 105245 952327 963208 253083 516547 917677 844853 288978 522285 272448 573433 299267 993714 588299 613499 193108 549311 713575 324149 643651 553386 815552 266597 216888 975703 264228 945885 840208 911125 922889 974588 774712 293575 310576 337181 836962 416171 736612 456399 549128 326936 745515 431001 245534 89560 483294 23658 880812 838798 617668 359889 816624 282945 905920 43920 886363 676623 634304 518113 461709 496694 671622 819825 223577 13819 465999 305315 855425 2716 617239 59344 132161 264105 768538 302818 359060 486032 492254 655778 83942 138904 923776 896198 692774 308490
21
4080 5340 9096 257 1646 3445 4940 937 5353 7624 980 7964 2548 6131 7424 4368 8871 1368 9123 6845 15172
90
4585 2859 9942 2332 2183 1704 3755 4118 7894 2777 1944 8688 8517 687 5439 5645 8200 5018 8482 1610 8308 2793 6873 4675 6760 5669 9793 8303 8924 916 8534 4963 730 3798 6390 4515 7981 6480 5723 5378 7411 8831 2845 2079 6313 2891 9353 6435 5922 7059 684 8910 3118 5700 2952 3246 8227 2652 5225 8974 8685 8933 8092 1357 9647 1983 6486 1080 8918 9779 3804 7367 650 7069 91 5569 2104 6245 2959 1752 1929 2888 3632 4232 1675 6983 5929 9407 8479 6936
52
3071 7033 9521 1082 2784 8060 6057 2413 149 5600 912 8446 1192 585 7430 1362 4441 6572 6517 902 3671 1756 110 6372 4220 4069 4602 5990 8413 6953 5026 1638 2868 9028 7057 1800 2836 9264 9326 5681 6908 878 4520 1271 6846 1258 6776 1813 7768 5998 1017 3040
12
4334 4491 8653 4289 6458 7550 6895 8143 2916 3494 5250 4863
73
1100 2103 545 8067 5303 3575 4457 2824 2638 3305 7183 4081 9498 5676 7922 5229 2648 3709 6755 6004 5337 7293 8663 9969 1116 6968 3263 2802 3379 8159 1907 6608 7461 4641 7302 3164 3057 2248 4445 7989 1787 3593 7631 763 9566 5286 8573 3786 325 5725 1042 4327 9000 6014 3202 8858 9224 3667 2238 9417 7293 3039 1942 9576 182 4906 4620 6605 2258 9790 2278 2575 10323
45
1394 4990 6603 453 6808 8465 4289 3997 1604 9831 5580 2600 7164 4624 5148 2338 9607 3145 1748 487 4680 7779 1342 5623 8607 4984 8641 5265 6259 4653 2680 5490 704 4452 8283 4403 7200 3712 2231 2954 2048 8137 6051 5248 1669
46
387 2923 3788 349 1215 6453 2114 2425 5052 7917 8171 7196 6638 5223 2675 5560 1486 8505 5625 8794 9640 6347 6619 921 9729 1017 3145 3226 8510 2258 4295 1247 8685 624 1155 1701 3848 4840 2230 8829 8776 8428 4574 5186 7100 9106
21
8136 9244 3890 3856 9705 4564 4472 1017 7233 1823 5788 1443 580 662 5845 6964 9108 4483 2891 3463 11459
98
274 9620 2898 2485 4111 6629 5474 1060 8656 1234 2129 3152 7723 8624 4237 9320 9840 8252 3755 3112 8338 1496 4296 1518 9040 8543 3245 1198 1723 734 5207 3224 499 849 8256 7897 8915 6222 4265 1066 1517 2698 745 2806 590 6620 5500 7093 9106 5878 7718 6387 6767 6650 1296 5042 7993 7060 8547 8145 7347 9523 1121 1033 3254 5651 3598 8537 3361 7405 2022 490 6886 6786 8309 7369 5911 1701 4168 4934 7240 9633 1474 7035 7377 2511 3171 4862 7979 5622 1009 5471 572 5422 4661 8795 4401 6521
19
2411 9996 646 8899 9188 9412 6412 2842 6547 7866 1243 5982 7606 2461 862 8292 8627 3570 5352
24
3146 6005 9810 6406 1865 5609 822 9356 4274 6139 4756 1447 6739 5993 9975 3305 6579 8698 3276 9674 3533 4459 7683 13765
4
3592 9866 4956 15326
24
5293 620 1005 3536 5672 9986 2754 5580 3807 8282 4117 6249 7862 9293 2660 7947 3071 3298 234 1746 7902 703 6576 15169
91
2770 2165 7736 1707 2289 8166 938 6893 9744 3315 4558 9695 4515 378 6173 4063 9217 7792 2257 8411 3064 4620 1332 1807 7226 7806 6612 626 6765 5096 6450 777 7744 7932 7508 3911 3475 543 1930 608 1994 767 2547 8136 545 3443 7408 8989 7566 5781 4067 3771 3589 9899 176 6730 8999 5831 7031 1510 5369 4071 6926 9256 338 3858 9569 2338 5729 5110 3012 9833 8876 6467 9456 9928 2393 3567 6430 7066 6108 149 4714 5074 974 6304 5201 4603 2529 2896 15643
61
1537 8393 5952 8010 2716 679 8877 6939 730 2510 5818 1179 3743 6445 2942 3102 5870 7829 5673 9827 3084 6283 4945 8727 3520 5491 1772 7130 4467 4343 1537 6107 3628 4343 8048 6200 8957 2438 5680 1957 7937 1336 6047 3146 9955 5258 5512 1937 2566 6565 7066 4866 4944 9126 5178 3045 7153 519 2446 2449 12697
78
8715 9764 9485 2886 9020 4660 7447 4024 6240 9770 2888 9462 2768 501 2356 9499 2205 1152 1247 5908 5089 9703 9523 9989 1814 6305 7059 2649 8327 2933 4328 7925 2298 5996 3934 3457 7936 8307 6353 8018 6594 9437 8437 1907 1098 1531 8089 462 2936 1453 6990 7635 3777 7004 211 82 3200 2548 2384 8815 4420 3413 3151 880 4061 3245 9953 3910 316 7825 2950 6907 1376 3571 2990 7987 1811 164
51
7250 2125 1585 6874 5345 4617 7870 4431 7389 1739 1186 3627 3343 4686 1629 4809 9446 4459 1959 6716 7542 8514 8955 9915 80 2750 7721 8871 2429 4566 7009 7773 3394 1812 3580 109 842 8718 6309 8616 771 4388 3506 1867 4979 7704 4558 78 1861 7374 6306
78
8372 6928 1104 9707 4199 831 7125 3908 1289 2101 5321 2891 1135 4202 8674 7936 6449 5542 9496 2391 9576 5775 4844 6580 8166 7732 4381 822 9437 6097 4010 9004 1291 1540 6573 2542 9461 5044 606 2595 8742 8094 8918 2312 7246 2738 880 5666 346 5105 7959 3128 3618 5288 1679 5997 3995 9835 5972 4233 6570 2637 5785 6825 1880 255 9854 2322 1793 444 6311 8914 5205 1577 621 3014 7198 8447
14
8446 1917 5638 106 4968 6757 3754 9932 2889 3378 5539 2330 1840 5556
59
2899 5577 400 5459 8122 7374 32 2242 1927 8100 6262 6984 146 4545 8755 9807 3862 3220 4415 1325 1071 5820 2086 3886 1434 1175 4313 7013 608 1769 1207 8060 4545 3829 4568 7591 614 4569 2875 2237 3458 4460 1858 6927 5453 8093 9914 6874 4060 674 7268 4232 2705 3997 9217 7842 9893 9105 5741
89
9350 5701 8935 757 4009 2425 6899 9150 6965 9252 3226 9079 2078 6197 6536 7500 327 1647 7006 9917 5903 8930 3778 7231 4560 8375 2762 678 4429 9718 1523 3462 1525 8899 6044 364 667 4213 2075 3965 7464 1562 1700 2664 7975 6840 7474 3402 5025 5159 2813 7441 8113 57 3661 8101 7484 7430 1434 9518 8662 7084 7561 1830 3164 6998 3891 7579 2944 4776 8705 9475 6890 2187 4591 5826 114 6867 1294 1138 8603 1459 9040 2363 9540 4514 4026 369 10288
76
3150 4621 4540 2345 7241 2809 9950 4344 9641 4974 5340 9455 6456 6060 5963 5919 5829 7273 8629 5868 7201 6353 7977 5642 9233 5216 1211 9869 492 8273 3221 4283 5981 3369 9096 790 8321 9942 3504 3152 8809 7922 5421 8076 714 1706 7409 751 9894 3223 7705 7942 4006 5155 1160 1432 1029 2108 5901 1175 8914 2052 6405 2800 7934 7003 9299 388 755 2117 2483 5470 152 4612 40 4921
84
6717 6923 4562 7539 9687 872 3332 1497 9116 1110 3406 9484 8234 1783 1892 2158 3725 2918 8421 9 2917 7330 5281 9306 7583 8197 389 1943 6184 155 2770 5781 540 7443 4479 7676 8256 2357 343 1912 3484 7583 8344 9945 9512 5137 4240 2796 4794 1819 4212 5562 263 5127 1119 9682 5000 4522 7728 5700 9227 3784 8806 7869 5687 9547 4702 9439 3760 1550 7644 4680 3303 2660 6063 7850 5098 7953 2856 6385 4276 9459 3405 10985
18
4542 2474 8026 6650 6250 1581 7504 212 7833 1953 2599 374 9379 9689 3144 3900 8305 11617
80
2214 7895 294 2599 632 3681 9865 5347 1746 4976 6499 3487 831 786 3178 8582 195 2253 1941 3416 9996 68 5061 2063 8014 9941 9622 5595 5876 411 3454 6229 998 4488 7786 7186 1302 7984 3424 2118 9439 3321 1724 5128 8428 4757 1655 8407 3890 6834 3732 4552 8527 7007 5169 8814 5439 4368 7849 1377 1253 6765 6325 9445 5587 3103 9241 9020 5415 3733 6415 4051 8172 7704 1473 5020 3676 154 4774 14576
50
6029 682 6395 6236 1816 3434 9568 7914 9367 6031 8195 1552 7813 4982 320 4501 8003 6907 6016 629 8258 2765 5065 5396 8346 5954 2416 3205 7781 1888 8303 4443 4693 3166 8581 598 8962 6140 581 2832 8744 8887 3947 5619 6474 3702 1646 8358 4094 4467
26
5871 4941 5001 5213 8444 4182 8277 385 7426 7771 7193 5261 952 6774 5691 8823 1599 2587 1191 1886 3794 9584 6884 2814 1160 1450
55
5721 645 1624 6292 8645 2796 480 3774 3250 3703 2895 150 8007 4841 4162 8792 5984 1753 1687 9774 3490 6299 2888 5787 5286 1372 9662 9995 4032 8128 5159 9358 2360 8609 2388 5256 4190 5187 8103 6328 8129 2375 7786 3798 9384 6346 6775 5044 6467 8200 9004 7009 8928 7413 10252
38
6301 5556 8130 1877 3337 3802 5849 8195 1583 3310 9271 6733 5120 8609 2090 6119 1185 9267 4649 6835 2293 5553 4108 8014 3066 5423 8003 8406 7282 8951 2484 354 2039 3962 7830 56 2795 4021
31
4803 9614 3844 9767 6588 3112 6136 6461 7944 6393 4041 9894 1134 772 5883 2453 597 6061 306 3099 1252 6445 7358 9378 3683 1869 6310 9252 3891 7997 11011
64
3327 1975 6659 8551 5659 9502 868 6334 2884 7802 2362 489 4445 4824 9143 2220 8241 9219 5052 6288 7388 5044 4070 5503 1564 8346 2761 9686 8408 6767 2835 9090 7333 6677 5862 6880 2316 3117 4413 3432 106 8282 2306 8710 1736 8739 8912 6075 1333 459 9594 7749 1521 7557 9030 2953 6195 4296 2149 7384 876 6647 1425 1900
60
2925 2585 1233 2740 4847 5022 9545 3900 2238 5986 6009 2430 1047 4008 6092 7470 7962 7317 1837 3172 6147 3217 6462 7810 9158 1118 2146 2535 2183 6463 9595 1934 9384 7005 8650 4139 6984 3063 5832 1024 5488 1791 9111 67 486 8725 2249 882 2410 7867 8400 5232 1968 5221 8264 536 7984 9052 1427 5607
7
6496 3109 6221 4322 4274 1662 2854
71
9691 7858 8249 7785 6136 6362 7840 3352 1028 5 36 6615 5767 525 4435 5334 8554 7532 9753 8562 5388 1489 8271 884 351 7732 90 6277 3017 5858 7356 9728 3692 6537 3773 6041 5593 8094 7555 8821 1813 4728 4038 2983 474 1006 2242 5302 1318 2221 9280 9564 1819 5442 4305 1286 437 8919 344 5214 3135 6621 2888 4632 5674 447 764 640 7053 7847 10950
50
7094 42 1844 5708 8424 2311 137 9403 2760 9968 1310 4418 8770 4195 1033 8006 5974 6219 6332 7668 2733 55 3384 1246 9262 1846 8713 6915 5469 4912 6197 8164 4002 3140 6710 8660 5173 7905 6738 8673 6953 3929 5758 4146 5831 932 9935 9175 1084 8689
5
234 6836 3596 953 6123
76
596 7379 899 7827 3331 9954 6413 8075 8998 3303 3068 8531 6239 5059 5936 4561 6255 3206 6249 1659 5562 1352 9878 8179 9785 4109 1008 2250 1022 1652 7363 5760 6774 3429 5247 2107 8333 6953 8790 7796 5136 1575 1766 8148 1366 7959 1445 9525 151 20 5959 9183 9314 2009 6371 1084 4319 1543 3152 751 3299 3838 8366 1981 7155 7215 8817 7236 7587 1679 1152 6536 7604 5925 8887 7544
61
1163 8719 2172 1093 2948 4370 1949 7486 1707 549 3411 3696 5263 5055 8695 6526 7991 4229 6898 7220 484 2550 7900 4373 5479 8568 876 4233 9735 9669 3022 560 1418 9440 9149 8648 9989 611 5002 6932 6901 5289 9854 7592 1629 4056 6711 8674 7060 7804 7767 1200 5512 4320 1448 5876 5914 1683 4388 5395 8931
61
3406 1394 7059 8253 1932 7593 7645 2381 1897 6994 5119 118 6384 9856 521 4715 8889 5440 3958 9778 6697 8578 4395 2755 7475 675 54 3555 6726 9176 405 5844 7222 4162 8025 8960 6641 3674 2382 3346 3221 8899 6608 204 757 8874 982 9539 3154 7431 4141 138 2254 4426 1034 7860 5086 309 8140 5637 5459
76
8669 1391 7515 3682 2411 2842 7597 747 5115 5864 3626 2055 2928 6924 3646 6358 5201 4352 4535 7563 2963 8115 8284 9641 6373 1308 6049 7935 2637 9992 9632 4081 1546 9040 4248 1672 3342 9391 6903 7168 9925 5141 9124 7126 5984 911 4894 3520 9497 5120 7198 5336 260 7338 8320 680 1527 3259 8144 6188 3704 6688 449 6559 5984 8236 5722 3567 2726 2392 6877 5394 1966 1769 3068 5646
95
3653 3995 3723 5823 488 1156 4600 1562 6126 5313 2351 6381 1782 2518 5311 1115 9058 5873 3780 2817 4394 1247 805 3102 552 3371 1091 8089 1823 7343 6723 3282 5434 9724 2479 5211 3523 5899 1861 4512 4286 8768 4224 1954 4790 6172 8232 6119 2421 5513 3734 7836 4800 1801 8843 8484 8580 8884 1453 1925 1795 4135 5613 7047 4398 7021 4158 1339 8245 4910 168 9316 3756 6123 714 3596 8625 3597 3870 445 5011 3047 2098 4616 4196 8974 402 6596 2922 8404 2116 6614 611 7121 14510
50
7921 3868 4120 9605 8534 946 7795 7744 5053 1481 6829 726 9047 3604 5254 8986 1214 6919 6111 1506 2330 1822 6266 1424 7489 1974 9530 5262 1163 4312 9712 3754 5524 7818 950 4562 9644 8810 5726 4250 960 3126 5133 5117 6597 5913 2019 6436 1194 7320
60
2544 2477 9069 1693 4149 4629 7170 233 3230 6886 2704 8494 6395 3170 2201 8276 508 2034 7224 5173 4695 8159 2176 7835 5737 9734 8438 7200 9736 9884 3975 8668 9111 1561 1680 4797 2440 7385 4863 6461 6586 6808 7498 680 4823 1016 94 9915 3015 2472 3229 9776 2730 6550 4348 4154 1875 7995 9304 9885
38
7808 1409 872 1474 2632 1813 6912 7971 1795 1246 31 773 7471 3651 9380 5661 3198 7730 5265 6172 8431 6839 7253 5986 4577 9970 7995 4744 3182 9973 9741 5714 4496 5737 8569 2687 7089 3395
33
5801 5988 1531 5209 490 9365 5831 6873 909 3855 5664 2591 3521 8454 9202 390 2318 9107 3822 6759 5614 5785 9690 8248 5429 6100 2125 8509 5633 3592 8951 7637 4923
63
4842 7599 4457 9219 310 9410 2701 2954 4972 3000 4471 584 6279 372 4491 617 2553 1462 6935 5089 3363 7347 4345 1726 1910 9736 6427 1831 6518 939 2752 9776 3842 992 7478 5558 4191 771 9965 9790 3258 6703 4850 9034 3336 4790 573 3753 1893 6835 5737 9930 5726 6842 7263 4018 7627 1973 9422 8527 3380 8139 2481
16
1704 6845 4758 5951 9412 2637 2766 4902 339 6254 6790 2050 1857 9015 9198 8956
86
1462 9261 8473 8959 731 5778 4630 9722 1710 1120 3339 2917 1277 2186 7460 5199 3814 2703 2270 2155 7068 2795 5684 2724 378 9959 7952 6753 4292 2976 3282 3969 8080 2119 4453 6996 7401 7776 5518 4734 1912 5240 5799 6003 2072 4683 1472 6898 766 4830 9922 3867 9172 8719 92 1157 4957 8414 8343 653 2121 6712 4171 7028 6794 5967 6804 6531 2012 8945 2472 404 66 8592 7152 3444 1248 9075 8827 2429 4244 1668 8044 4306 2545 221
70
7688 8492 7703 6844 7912 3812 6967 6578 6071 4217 8818 7849 1227 2295 4099 5075 1236 6233 6288 740 4518 7260 9353 7772 8169 8066 7335 3926 6983 4421 7129 7709 8360 6940 2624 7329 9330 2786 3450 9767 1113 9033 7320 5545 6793 9009 7851 7185 7770 7844 7649 1196 9403 4124 3377 8311 2561 7142 2787 4259 1216 4283 9321 8187 7963 4563 3974 9310 348 3486
20
2646 5222 7660 7389 477 5742 925 3917 1712 3966 7879 479 3238 6318 8142 1671 3904 5510 8094 6829
86
8218 9642 5519 7963 913 2223 9382 7964 3499 8783 9079 7664 4557 8860 619 6127 9683 794 8350 9420 6888 1373 5167 2189 3503 9739 5983 9042 4039 9181 3961 5172 3382 915 1837 931 23 4424 1662 6267 3164 9601 2761 5498 3449 1456 6855 6120 9705 6411 7823 2303 7688 3899 959 8325 682 5729 820 1027 2588 7263 2841 8363 754 2624 6302 9225 5469 9391 2533 1474 1324 3707 1552 1309 9022 1389 7731 3320 4536 1862 6143 2523 6354 9265
54
4806 1758 52 4797 6732 3808 425 6187 7806 8064 5459 6369 8067 7239 3163 5466 9989 8448 8721 7861 4639 1665 9027 5680 1076 9251 8506 710 9152 8576 9472 9512 156 6561 2387 3907 7717 4816 2433 5735 5713 6302 5010 8468 4035 3395 6315 8293 1076 5217 4576 3726 4188 4775
33
8041 8287 9771 9864 8342 3060 5664 1668 3522 8275 7520 5576 7411 777 6215 5072 1343 536 9009 8188 932 6543 6637 6145 7939 73 2916 561 9081 8212 1277 3085 2216
11
5767 2347 5584 537 5525 2967 542 1881 4466 9611 6460
10
5724 3119 1673 3527 7937 1211 2019 4727 1686 6533
56
4007 9369 6135 2145 7015 1511 9873 4900 3711 7188 9970 1130 6111 6701 5907 4416 6521 8527 330 5770 609 2983 1746 1226 5524 3499 6686 4491 2330 7437 9526 3524 4200 6668 7926 9884 8005 9557 3685 6399 642 6099 2365 7832 8166 3991 6499 1490 8935 3574 6019 969 6269 8704 3173 2966
93
9709 52 4347 8608 3085 9602 1200 2913 9875 167 8275 3242 6469 9017 1086 3956 2689 1492 5170 9185 5835 239 6629 1103 7531 2135 98 1214 8927 1751 343 8470 3398 5509 4184 5289 8183 6834 2519 8718 5290 2528 480 3116 5872 2994 9614 6639 273 3207 3016 2381 6947 6193 7379 3754 9547 8299 7428 9556 8892 3268 4124 7456 7165 1837 8057 1482 6746 9573 5393 2182 5547 5951 1261 430 8795 255 1742 6969 6107 2278 8119 1182 1051 9582 5237 5007 7178 212 7078 6520 3093
57
8464 4224 8087 7000 155 4805 1920 6387 2537 3782 5510 358 3135 3739 367 7570 4918 3171 9938 3448 4290 4176 5305 7106 3473 750 8497 7192 5693 6499 3734 8996 5962 2240 1100 5515 168 1083 4679 1419 6223 1810 7904 9480 5025 3001 7553 7611 71 8168 5048 6107 2894 8156 2001 3783 14725
84
974 2441 7187 3804 8822 9475 9822 5525 7060 5377 9054 2808 1925 5715 6558 7107 526 6993 9338 4866 5351 646 3736 8167 5137 7196 9674 9837 4597 8267 8603 5226 1404 1787 5935 1932 6236 4689 2072 4915 8489 1830 9907 3112 4052 3183 7118 9597 2198 2635 7342 7504 5129 3810 1657 3471 941 5197 4231 2038 5946 7172 2578 2838 6309 9214 2790 3033 527 1826 6459 3300 8868 8144 5379 44 9504 1134 7965 953 5718 1405 7919 10170
30
6699 8584 6518 8218 8616 8911 1528 9644 6503 6641 149 550 5062 2646 149 7758 2293 5251 194 2994 9850 8156 1455 1201 9741 9800 9045 8224 9174 381
27
4101 8527 2834 5409 1396 6034 6745 1550 6803 1750 3627 5955 6622 1185 1833 1770 3467 2098 969 3819 189 7216 9952 6106 170 343 7304
67
4298 5577 7123 7616 8877 1124 7807 8028 9656 1193 3666 9736 5287 2490 6202 9211 2797 2782 7492 5085 3452 8226 9896 5591 6938 9314 6538 8888 454 2013 4907 973 4115 8954 8930 1831 194 1012 4238 7503 6470 6568 8854 3212 5909 3927 7137 4503 8871 9354 8041 3032 8532 5467 3421 9309 2419 8419 3148 520 5484 7486 4649 6405 9554 7027 14674
47
469 6402 6730 5931 1463 3142 2649 2692 1344 5426 3569 7596 7905 4977 3828 3685 4039 1381 4068 1927 9261 7230 6754 8293 8356 7486 5477 7637 9110 6720 1184 6295 359 1300 6026 2885 4473 8773 3123 7631 1156 5061 4322 1219 6394 6818 3069
51
1758 2181 1112 5188 5838 9113 8739 3751 2380 574 8552 3169 4423 2208 7101 5255 5229 3635 4033 9710 6459 7005 6469 258 763 863 9852 187 2343 8413 304 6160 9049 8141 7761 6045 3996 2567 9901 5416 2838 8020 5556 7919 6243 2659 7777 5960 3956 8559 9142
66
1513 781 3040 3812 9677 8906 6520 27 515 394 8418 812 836 7320 7941 4376 3434 3952 5912 5416 5415 7488 6515 6447 2618 9330 3047 1022 4772 308 1406 3916 8569 3687 2567 212 5296 8406 4999 6771 2599 623 2089 6498 3681 2848 1269 3982 9665 9645 799 5606 3610 1951 7969 713 6950 9162 2335 2145 7777 9171 4060 3075 4264 297
88
4309 1214 678 8518 4102 2813 9951 1971 6807 8050 2766 4302 9968 81 5912 3210 935 1535 127 8403 3980 7436 9361 2518 4129 898 9295 9940 9877 4771 9323 8547 1019 944 2293 7076 4497 5174 5432 4173 749 3940 9197 5889 1893 9370 7302 1626 4437 747 4167 5721 4465 4185 8971 6293 6384 42 8999 3577 7957 8079 1446 4411 7118 2843 8899 4629 1808 117 2311 3384 6164 7981 6827 9554 1449 5610 4769 2525 4618 3645 5211 1743 48 6678 7311 4552
92
9573 959 9512 2423 8218 5183 4840 1618 8043 2184 2550 8943 1844 8742 4958 6130 6907 256 4808 1776 3003 2416 1801 5163 3369 6236 9269 2557 520 9578 3240 489 4260 1736 6305 6998 6818 4612 128 913 5637 8158 563 2037 4448 4781 2564 4114 2295 4081 3083 1728 481 6981 3441 7650 9282 3183 2538 3617 64 6533 181 672 7652 448 5039 5660 903 7768 8792 3615 1315 250 3514 2323 3178 9137 6085 4261 1047 4933 1202 6566 6861 8030 6317 5610 6635 2110 761 5046
58
7981 8767 2738 1524 5154 6824 2409 1649 9086 2077 555 2059 6075 7779 929 7255 5157 6301 3102 2044 5487 141 7941 1157 9938 7618 9025 5867 9127 814 343 7399 6709 4692 9479 8235 9695 8297 5047 9579 4807 684 4255 2744 3729 167 9793 4104 9880 1682 8257 4222 5024 5097 1011 1040 4737 8909
46
8981 2162 824 4759 6300 7243 9220 1450 6336 2011 9150 1330 741 5428 9646 1734 4894 5210 8796 5000 9273 63 2619 6387 2052 548 7521 9139 1591 8000 6219 9993 4501 3821 4927 2125 8340 7301 5773 4342 7916 4578 688 7558 6550 9496
89
4246 1255 1727 6743 3921 3636 2750 3416 446 6939 5943 641 8682 3535 7532 1172 8559 4381 4064 7596 2564 8787 3158 4434 357 6070 6630 1853 5203 5696 639 686 8655 5971 2478 1285 1176 2394 5865 5071 9742 1712 4033 8038 8183 480 1007 5076 4170 1393 9802 1239 887 2313 598 7247 3980 6946 6758 7282 5227 6304 36 9086 295 8076 7371 7136 2569 5049 5613 4755 7490 8845 6409 597 9168 254 6675 7608 9961 4026 8745 3584 3375 5355 8625 7099 6803
33
3988 7912 2020 2222 8474 9872 969 4508 5942 4952 7734 2806 9104 9260 3802 1712 8754 4390 9390 7805 5842 8518 4471 1152 7619 7650 9643 1789 1641 1920 9857 261 14895
30
1528 708 9500 9098 1634 1607 4891 7184 5903 2215 9553 6003 6797 206 1657 2995 5328 279 5518 1384 4138 3193 7464 2788 8334 4327 8580 1522 8550 3904
9
770 8632 7320 8899 904 1206 6466 7086 6451
26
6597 3136 2063 1269 4421 4291 7892 4914 4079 6961 1562 2706 993 7972 7528 9987 4785 3325 1458 1418 8244 6136 8768 7695 5035 3329
33
3959 3614 4653 1351 2446 8693 8354 3083 1705 2542 9625 1774 3229 4421 9898 6382 4773 5601 5892 5607 867 4889 1990 7041 3065 9728 7460 4449 807 1801 881 6977 10565
78
384 1000 1945 3003 9599 3717 4481 5541 7111 570 9320 2974 1590 9047 4315 7985 3971 4276 1180 6218 5321 5980 408 8632 5029 94 2383 3290 365 2400 800 4468 1056 91 5825 3000 6639 3537 8006 2569 9585 5495 540 6990 9805 1240 6444 9532 2992 1550 4967 7053 3331 9878 2192 5256 4413 9401 7995 349 3985 4896 5707 79 6381 6437 9405 892 8507 6271 2405 3430 7249 3076 9922 2729 6792 4259
30
777 3376 3099 5058 2775 2901 7276 3739 1763 6539 2998 7807 6173 9631 9306 3266 923 1600 2937 4497 6356 7938 8608 5999 2532 7551 1455 7165 9879 3543
17
6111 8208 6667 745 5068 594 2086 157 6945 6738 8806 5138 7649 7553 8916 6029 13366
96
8822 4348 3603 9291 1754 7496 6836 6222 7048 8468 780 1680 8873 8584 9248 7272 8109 6750 5521 4660 4357 1161 2816 6897 6738 319 5189 2686 1813 2496 1380 4453 3034 9108 9170 1063 714 2066 1590 1044 3285 1724 9725 8416 7721 6642 5132 6367 6552 8047 1652 8716 3890 1964 8472 608 700 2931 6739 9972 7539 1564 7870 8819 6819 2416 4921 6949 3116 1244 7991 461 332 983 1874 1559 8230 88 221 3290 5822 6039 9813 2679 1128 4499 4483 1315 9319 6863 8956 7105 6846 9945 9471 5595
23
2914 8149 6735 2867 3639 4115 2708 7956 7431 5952 2452 7629 2699 4380 3962 4903 5729 4493 3236 7464 6945 6655 9943
29
3830 2294 9649 343 2170 7726 6788 951 86 3298 397 6362 4798 3997 1887 2622 1490 1348 6452 8455 9581 5194 7234 3814 3025 9801 4319 9162 11659
10
7040 6414 6447 8511 5973 5680 2219 6856 2938 8930
17
4726 8078 8781 9803 5083 5215 1719 6380 2319 3239 2564 660 179 3012 2487 9874 14667
32
637 6487 9321 3100 2729 9572 2399 2753 2617 6914 9677 6763 1844 1878 2750 3363 2626 5658 4777 8605 5408 4515 2325 1021 9190 2612 3073 9842 5078 6544 320 5024
53
3140 405 5700 1804 6264 2190 3530 9100 3982 4196 5314 1117 6859 3689 7798 7016 7679 3443 5234 4445 7099 9309 6873 2542 9210 625 2713 3254 5314 500 7585 2646 4901 5075 3835 397 4816 6296 6954 9572 7659 9965 1730 3268 8882 4351 962 1865 8802 9933 8815 2592 12375
8
2179 15 5406 5500 2714 4408 8713 6163
